1709	2251
201	225
2317	2505
2191	2251
1345	1345
1345	2362
1453	16
1344	16
2205	18
2292	2395
2292	2304
2304	2395
1113	2511
1113	1342
2511	2511
1113	1951
1113	1113
1113	2356
1951	1951
1951	2356
2356	2356
1804	1805
9	10
1339	2378
1339	2486
2378	2486
1558	2411
1558	1341
2383	2475
1558	2507
563	2507
1558	563
1444	1986
1448	1986
1340	1444
1340	1448
1340	1986
1986	2422
1452	1986
1441	1986
1986	1986
1340	2422
1340	1987
2407	2
1703	2179
1703	2406
1826	1828
1990	2419
2161	2419
350	1990
1217	11
1217	1217
1124	11
1124	1124
2394	2494
2394	2401
2401	2494
2256	2494
2256	2401
1307	1428
2290	2503
2396	2424
2496	2496
2248	1
2131	1
2131	2131
2131	2248
549	2336
2416	2444
549	2333
2519	2385
1340	1340
2253	2296
1262	2522
2386	2522
1336	2498
366	2498
2199	2479
2199	2293
2199	2439
2199	2258
1858	2274
2298	2410
2392	2278
2278	2430
2442	2234
2315	572
549	1972
201	2478
1787	2256
1851	2184
2184	2441
2184	2526
2184	2421
2184	2251
2477	2488
2488	2523
2473	2488
2353	2473
2450	2473
2473	2497
2414	2473
2473	2520
2373	2473
2372	2473
2413	2473
2473	2508
2473	2527
2473	17
2152	2473
2332	2473
2367	2473
2473	2489
2473	2510
2420	2473
2473	2516
2504	2525
2257	2312
2312	2504
2312	2525
2524	1
2263	2415
2252	2263
2365	2422
2429	2433
2533	2429
2262	2429
1992	2429
1992	2433
2533	1992
2533	2262
1992	2123
2195	2433
1729	14
1729	2218
2218	14
1696	1709
1428	2249
2249	2331
1428	2331
2429	2498
549	2412
1343	1343
1779	2325
2334	1779
1335	2459
1335	2500
1335	2448
1612	1335
2334	1335
1335	1335
1335	2325
739	1335
1335	1751
1335	1910
1335	2202
1335	2247
2247	2260
2247	2429
1335	2514
2448	2514
599	1335
1335	2506
2266	2506
2408	2506
599	2506
2250	2506
2247	2506
1612	2514
1612	2389
2307	2389
1612	7
2514	13
1335	2374
1335	2266
1335	2513
2334	2334
1335	2431
524	1958
524	2329
1558	2329
524	2259
2329	2490
2329	2517
2329	2351
524	1964
1558	524
1973	1980
1558	1973
1973	2518
524	1973
15	1964
310	1964
1247	1964
1964	2329
1964	2487
1964	2521
1964	2289
524	2289
2329	2487
2329	2521
2289	2329
2411	2487
2411	2521
2289	2411
524	2371
2326	2371
2326	2329
2329	2371
2360	2289
2360	1558
2360	2411
2360	2521
2360	2427
2499	2499
524	2499
2329	2499
2490	2499
2259	2499
2360	524
2360	2259
2360	2255
2366	2458
2280	1696
2123	2280
1693	1696
2417	2461
2461	2484
2461	2480
2480	2484
2338	2417
2338	2454
2356	2495
1113	2495
1951	2495
1399	586
586	1701
19	2350
19	2528
629	2491
862	3
2319	3
502	143
502	178
2269	2531
2269	1994
2269	1995
143	178
143	2409
1993	1994
1993	1995
2457	2529
178	2492
1994	2398
282	2398
563	862
178	922
2409	2493
178	2398
1342	1951
1342	2356
760	20
22	23
2278	24
1113	25
1113	26
1113	27
1113	28
2511	26
1951	2511
1342	2511
2356	2511
2511	25
2495	2511
2511	30
2511	28
2495	27
2495	26
1951	26
1951	27
1951	28
1951	25
1951	30
1342	26
2356	26
2356	28
2356	25
2356	30
31	32
32	33
2426	34
2396	35
599	2459
35	36
2376	36
1336	36
36	37
2498	36
2429	36
38	39
38	40
1994	38
38	41
2427	38
38	42
38	43
44	44
48	49
2469	50
54	55
56	57
54	60
54	61
55	61
61	62
63	64
64	65
72	73
72	74
2448	77
78	79
80	80
85	86
88	89
90	92
90	95
91	98
101	101
105	105
2161	108
123	124
2510	125
2414	2510
98	125
126	127
128	129
124	132
124	133
137	138
146	147
148	148
109	149
155	155
156	157
159	160
162	164
162	165
106	162
162	166
2444	162
162	167
162	168
110	162
172	173
114	172
174	175
176	176
177	179
180	181
180	182
181	182
2276	183
158	187
350	188
2488	191
195	196
208	208
206	208
209	210
121	213
2353	98
2353	157
2353	214
2353	215
2353	216
2353	197
2353	217
2420	157
2420	215
2420	216
2420	197
2473	214
2473	197
219	220
152	221
222	223
223	224
226	227
229	230
47	231
233	236
245	247
2489	248
249	251
196	252
2293	251
254	255
67	257
258	259
260	261
262	263
2439	267
2258	2439
268	269
2497	270
2497	271
2497	272
2497	276
276	277
279	281
284	285
284	286
284	287
276	289
276	279
276	290
276	291
276	292
276	294
276	295
297	298
303	304
116	303
303	305
2360	305
68	308
2439	314
294	314
316	317
228	322
323	324
586	328
45	329
89	330
2307	70
338	339
143	341
343	344
345	347
348	351
353	354
125	197
197	355
356	357
356	358
356	359
356	360
363	364
361	365
2325	368
370	371
374	375
92	380
92	117
92	381
92	233
92	383
92	384
92	385
92	386
92	94
387	388
390	391
183	312
217	388
549	134
549	392
1972	134
1972	393
1972	394
2184	397
349	400
188	404
2496	405
1247	231
234	234
2278	80
2278	253
2278	68
2278	293
2278	346
2278	409
2278	410
2123	129
418	419
418	420
418	421
420	422
19	426
266	426
397	426
315	426
2414	426
426	430
273	426
426	431
432	433
432	434
208	434
59	434
206	434
435	435
327	437
439	440
439	441
206	442
312	312
445	446
447	448
449	450
451	454
461	462
464	465
466	467
469	470
471	472
477	478
162	480
191	486
487	488
155	235
173	235
2268	489
193	494
1972	495
501	501
501	503
507	508
2485	509
413	509
510	511
483	483
456	513
513	514
515	516
416	518
522	523
340	340
456	514
530	530
530	531
114	530
472	533
186	538
537	537
539	539
2369	273
188	543
539	544
548	550
239	548
551	553
554	555
68	556
557	558
414	559
414	560
418	561
562	564
484	565
566	567
274	566
569	570
555	571
202	573
463	574
575	576
342	519
84	84
2489	283
283	547
59	273
578	579
92	580
2427	581
582	583
392	589
590	591
592	592
135	295
392	392
594	595
202	597
601	602
604	605
604	606
193	600
53	607
121	610
611	612
59	613
620	621
452	620
620	622
622	623
623	624
431	623
627	628
630	631
15	632
633	634
55	62
634	635
636	636
108	630
12	108
15	428
15	441
440	441
2307	87
133	400
450	450
183	183
214	215
214	216
124	400
832	211
603	603
518	518
430	430
68	68
349	569
472	472
552	616
186	553
176	565
456	622
138	138
637	637
2205	638
639	640
639	641
642	643
516	642
634	644
504	645
1958	645
186	646
648	648
456	648
648	649
622	648
382	650
479	651
922	652
2427	653
424	653
1910	654
655	656
657	658
183	659
124	660
661	661
662	662
663	664
665	666
396	667
669	669
670	671
672	673
674	675
461	676
536	667
321	677
1336	678
679	680
679	681
657	679
456	679
457	679
682	683
684	685
686	687
688	689
690	691
687	692
461	693
694	695
696	696
697	698
361	699
2408	680
512	700
361	701
702	702
702	703
704	705
664	706
596	707
664	708
124	709
710	710
710	711
922	712
361	713
482	714
715	716
716	717
718	719
426	720
624	721
722	723
645	724
725	725
726	727
716	728
729	730
687	731
732	733
413	734
735	736
590	737
616	738
740	741
553	693
176	742
743	743
622	744
296	658
658	679
658	658
457	658
745	745
429	668
403	746
228	403
151	403
403	522
403	747
403	748
2416	403
403	749
403	750
403	619
282	1994
282	751
1994	751
1994	752
1994	2493
282	1993
282	2409
2409	2492
1441	329
11	753
1217	753
1124	753
1779	2266
1779	2250
1779	2513
1335	2376
1335	35
1335	2260
1335	754
524	2469
15	524
310	524
524	1247
524	2411
524	2487
524	2521
524	2490
524	755
524	756
524	2326
2472	757
2472	758
2280	1693
2123	1693
1696	1696
1696	759
1696	2251
2417	2484
2417	2480
2495	28
19	2495
2495	189
761	762
2317	761
761	763
764	765
764	766
764	767
372	764
768	769
768	770
768	771
2506	768
768	773
2278	768
774	774
238	774
2514	774
774	776
2247	777
2247	778
2247	779
2247	780
2247	781
649	649
621	649
649	782
649	783
649	784
2435	777
621	782
621	785
621	783
621	784
563	629
563	786
75	787
788	789
2524	78
12	391
790	792
790	793
790	794
795	796
2298	795
795	797
218	623
623	679
620	798
620	785
620	679
744	799
799	800
454	799
451	799
801	802
112	803
803	804
803	806
66	807
807	808
807	809
810	811
2424	812
813	814
813	813
813	815
813	816
813	818
12	819
12	107
2161	12
12	820
12	780
12	822
12	823
12	824
825	826
612	825
2256	825
79	827
1958	66
66	808
66	809
90	380
377	380
380	383
380	819
2435	779
2435	828
2435	780
2435	74
2435	829
2435	35
2260	2435
830	831
830	833
166	830
2431	2506
2431	773
834	836
819	837
819	838
819	839
819	840
819	841
819	842
91	843
91	844
845	846
847	848
2502	339
2502	338
1988	2502
849	850
259	849
2256	2394
851	852
1994	851
1994	852
2450	853
853	853
854	855
254	856
2524	827
1558	136
2411	136
90	822
2260	822
2419	822
1990	822
1787	857
1787	858
1787	2406
1787	2179
1787	859
1787	35
1964	2411
786	861
856	863
2419	239
1990	239
116	814
116	864
2238	116
814	865
2238	865
1345	804
2298	796
673	796
2392	796
2439	796
2258	796
796	866
796	867
796	868
476	796
2410	796
1	869
870	871
813	870
815	870
2334	870
872	873
843	874
843	844
843	875
228	876
322	876
98	584
877	878
859	879
1994	859
166	771
2250	771
2501	166
779	780
780	821
112	780
2498	780
154	880
880	881
154	863
863	881
42	883
109	424
109	884
109	885
1973	886
425	886
886	887
47	886
692	886
231	886
408	886
52	886
335	886
886	888
376	886
15	886
310	886
407	886
1247	886
8	886
1994	886
432	886
433	886
2533	2532
2533	889
849	890
1709	1709
2426	892
2426	893
2426	132
2426	894
2412	134
154	895
154	881
51	154
154	155
881	895
51	881
155	881
896	897
898	898
814	898
899	900
162	901
902	903
866	902
902	904
103	902
867	902
1337	79
141	905
366	817
366	906
366	2433
90	381
189	381
2298	29
2278	2298
2298	907
2298	908
2298	2317
2298	245
2298	910
2298	267
2298	2430
2298	2478
2298	314
2298	868
911	911
182	912
1448	913
1444	1448
1448	1452
1441	1448
1448	2259
1448	914
1448	915
1448	1709
1444	913
1444	1452
1441	1444
1444	1709
1441	1452
1452	913
1441	913
1441	916
916	917
916	918
332	919
332	920
2433	332
332	921
239	921
239	923
2262	923
924	924
924	925
187	200
187	926
187	271
187	272
927	928
165	928
162	928
2390	2463
165	929
162	929
1851	929
162	925
1828	162
162	930
162	931
2250	162
2485	162
1345	2250
804	804
814	932
622	814
814	882
2195	2463
933	933
2429	165
2429	934
2429	2429
2195	2429
2429	935
2498	779
2498	936
2123	128
2433	2448
282	937
937	938
937	939
2409	937
1858	937
2269	937
1994	937
751	937
339	339
67	940
257	940
250	909
175	909
909	941
797	909
903	909
909	942
673	909
2392	909
2439	909
909	943
2289	2427
1990	944
2362	926
1345	926
945	945
945	946
945	947
945	948
945	949
2315	950
282	811
1994	811
811	951
1992	128
1992	129
1992	823
2262	823
823	906
419	952
2388	952
953	953
954	955
944	956
2280	2280
2280	957
2280	170
2280	97
170	957
97	957
2502	957
2502	170
844	958
844	959
130	844
844	844
844	960
958	960
959	960
130	960
960	960
130	961
130	962
233	963
233	793
90	233
793	794
793	964
2321	2331
2331	2331
549	2191
297	775
239	775
2532	238
238	889
965	966
965	967
965	968
965	969
965	970
966	970
1558	971
145	145
145	972
145	973
864	882
31	33
968	974
968	969
968	975
968	976
321	968
545	968
968	977
968	978
2283	968
975	976
243	979
2525	980
2478	245
2191	245
2293	245
245	942
245	981
245	673
245	982
2392	245
2430	245
2479	245
245	983
320	984
2374	2374
2433	304
2532	2433
2433	889
2433	2433
549	135
1558	135
985	986
2251	987
978	988
988	988
434	988
926	926
926	991
2510	926
848	926
517	926
926	992
879	926
2184	926
847	926
993	994
15	2329
310	2329
1247	2329
2329	2411
2293	941
2293	267
2258	2293
2293	2439
2293	982
2293	995
2293	300
2293	314
848	925
848	996
848	884
235	848
482	848
808	809
2258	267
2317	267
267	797
2479	267
267	314
267	997
267	415
175	797
673	797
2392	797
2430	797
2278	797
2256	998
2256	999
999	1000
998	999
1000	1001
2392	200
2392	1002
2392	910
2392	257
2392	879
2392	1003
2392	2479
2392	415
2392	314
175	1002
2430	1002
899	1002
900	1002
1428	707
1428	1004
1428	2321
805	910
867	904
867	910
867	879
2479	867
415	867
2334	2325
866	1005
200	866
866	910
942	1005
2278	866
2278	1005
2439	200
2439	908
2439	910
2418	2479
2479	1003
2278	29
2410	868
1558	756
1951	406
326	406
406	406
1558	2289
2289	2521
2289	2487
1558	1964
837	838
837	839
837	840
837	841
837	842
837	1006
298	837
838	839
838	840
838	841
838	842
839	840
839	841
839	842
840	841
840	842
841	842
1007	1008
1007	1009
1007	1010
1007	1011
1007	1012
2220	1007
1008	1009
1008	1010
1008	1011
1008	1012
2220	1008
1009	1010
1009	1011
1009	1012
2220	1009
1010	1011
1010	1012
2220	1010
2220	1012
399	1013
15	2289
2441	1014
2532	2514
2532	2448
2532	1015
526	827
827	1016
2497	827
271	827
272	827
297	827
827	1017
166	1018
2250	166
628	850
259	850
850	1019
850	1020
850	1021
850	1022
627	850
1558	899
2255	899
1558	900
2255	900
1972	2333
41	311
41	1023
2433	920
920	1024
2497	2497
473	1025
1025	1026
1025	1027
284	1025
473	1026
473	1027
284	473
1026	1027
284	1026
336	1028
336	1029
1027	1028
284	1027
1027	1030
2478	1031
2255	2478
239	1032
2532	239
2513	2513
164	1033
1033	1034
92	189
1340	2528
1340	1035
1986	1036
1988	2238
1988	1037
1988	1038
1988	1039
1988	2402
1988	1040
1041	1042
428	1043
949	1043
428	949
2342	1044
1044	1045
246	1048
622	1049
1050	1051
304	864
1052	1053
779	781
789	1054
363	365
1558	365
2518	358
1994	1055
1994	39
1994	40
1994	433
654	1056
354	1056
1058	1059
282	1858
282	2269
1858	2409
1858	2269
1858	1994
729	1060
2292	1061
13	297
13	87
13	956
1399	1062
162	1063
925	925
2422	1064
2422	1065
875	1066
2252	1036
323	1036
329	1067
1399	1399
1399	1068
1399	708
586	586
2283	978
321	977
545	977
314	903
314	942
314	673
251	314
1069	1070
436	1069
2312	1
1851	1071
584	1072
1073	1074
1073	1075
1073	1076
970	1073
970	1077
970	1078
970	1079
970	1080
970	1081
1082	1083
1082	1082
1076	1082
1082	1084
1082	1085
1076	1086
1428	1428
707	1004
2249	1004
855	1088
1088	1089
707	1089
707	855
2450	157
157	215
2314	157
157	1095
157	776
2353	2450
2353	1101
2420	2450
157	1110
2353	1110
2450	1110
2473	1110
776	1110
2420	125
2450	214
2420	214
157	214
214	217
214	1110
214	1101
2450	215
2473	215
215	1110
215	216
2450	216
216	1110
216	1101
216	1115
2473	1101
2473	1115
2450	2510
2414	2414
768	1132
770	1132
2506	1132
1994	789
1779	828
1779	256
2334	2459
2247	1135
2247	963
2247	1136
2247	1137
828	1104
70	405
2424	70
2496	70
298	777
778	828
778	798
778	1140
778	1109
822	1141
2408	1144
829	1144
2424	405
2424	2424
2424	636
779	1146
779	963
779	1147
779	1148
12	112
12	279
12	290
12	1037
102	1152
1658	11
1124	1217
2424	828
828	903
205	1153
610	1153
1159	1160
615	1159
70	74
2424	74
74	828
74	1168
74	829
2195	74
74	121
74	1143
74	298
2424	829
828	829
2195	829
121	829
829	1143
298	829
2325	1172
1172	1177
1172	1178
626	1172
615	1181
1992	170
2325	2506
2506	1188
2506	459
228	743
228	434
228	1189
164	241
241	828
2532	1190
1612	2334
1198	1200
1199	1200
306	308
58	306
306	1201
306	1202
255	306
306	1203
307	1198
1198	1199
1198	1205
307	890
307	1207
132	1199
2418	1199
235	1199
1199	1208
1199	1209
543	1210
2258	1211
1207	1211
255	1212
1213	1214
1213	1215
638	1207
445	1207
977	1222
324	325
295	875
333	828
333	829
13	333
22	1227
22	420
22	22
23	23
324	1233
255	1233
1233	1234
348	1236
240	358
358	1239
358	359
70	781
2325	1243
2325	2325
2325	369
2325	603
2325	1244
2325	1245
2325	53
2325	615
1202	1205
1246	1246
853	1248
2252	1248
1248	1249
131	1239
2250	1252
2250	458
2250	1179
2513	828
2513	615
2513	256
2513	626
2179	368
2179	2325
2367	368
2325	2367
368	1254
2325	1254
2351	368
2325	2351
368	1154
2325	672
368	415
2325	1255
2325	1256
2325	1257
2325	314
2325	1002
2325	209
2325	1258
2325	4
2325	372
2325	1259
2325	1260
2325	1261
2325	1265
1146	1268
397	1268
257	1268
1828	1268
679	1268
615	1268
1197	1268
2334	1270
61	1271
2325	1272
2325	1273
2325	1274
2325	1276
2325	1277
368	615
2506	368
615	963
368	1245
368	1105
2325	1105
253	426
298	828
298	1122
298	1175
99	298
298	1143
298	298
2441	796
796	1283
796	1284
796	1276
796	1285
796	1136
796	1286
796	1287
796	1288
796	1289
796	1085
618	796
492	796
796	1290
796	1291
796	1292
796	1293
796	1280
796	1294
796	1295
2510	796
1296	1296
1296	1297
1296	1298
2463	1302
1112	1112
1112	1297
1159	1159
204	204
204	1130
204	268
1306	1306
998	1297
264	1310
1296	1311
1296	1303
1297	1303
1303	1303
1303	1312
405	1314
1298	1312
771	972
2315	264
2390	264
812	1315
1315	1318
72	1315
298	1006
1319	1320
1319	1321
1319	1322
1322	1322
1319	1323
1319	1324
1319	1325
1319	1326
1319	1327
1319	1328
69	1319
1319	1329
1319	1330
1319	1331
1319	1332
1319	1333
1319	1334
1299	1319
1322	1324
1322	1325
1322	1326
1322	1327
1322	1328
69	1322
1322	1329
1322	1330
1322	1331
1322	1332
1322	1333
1322	1334
1299	1322
1322	1323
1328	1332
1327	1332
1331	1332
1332	1333
1327	1333
1328	1333
1331	1333
1320	1322
1327	1328
69	1328
418	1187
283	1187
397	397
673	1355
150	1237
424	1357
390	1356
303	371
371	835
64	1373
810	951
2459	1379
2262	129
2262	1380
2262	128
1127	1356
622	1048
319	1383
313	1384
350	125
1389	1390
338	1394
622	1396
1187	1396
1404	1404
1405	1406
2530	471
2530	472
268	1423
2161	610
2506	1409
427	1430
1102	1445
1148	1461
1098	1463
1079	1080
602	858
449	449
1121	1478
2422	1488
295	1490
2278	1493
2278	309
2278	1500
1163	1504
605	606
338	600
1514	1515
783	1517
59	1518
1491	1520
2258	940
23	418
288	1119
60	743
251	251
24	1539
395	396
306	942
942	1207
940	942
942	1211
476	942
903	942
607	942
2479	942
409	942
244	942
299	942
942	1554
2502	942
336	942
942	1555
942	1557
298	834
423	653
80	426
426	1568
208	426
426	592
426	696
426	1224
1488	1583
273	1492
273	273
1601	1602
909	1220
503	503
51	153
51	155
51	895
353	1510
427	473
516	673
516	1632
1506	1547
453	1135
1568	1568
1041	1263
2481	725
179	693
371	1646
565	1563
1569	1569
1509	1523
1463	1656
446	446
1078	1081
191	271
369	531
963	1181
108	820
258	1150
287	478
903	1557
476	1557
54	273
54	743
798	1671
1138	1675
1751	1751
261	1680
277	811
673	983
1382	1382
119	238
100	119
119	1540
119	1695
119	1591
119	1704
119	1713
2450	98
2414	98
1631	1633
505	530
1506	1711
393	1707
2376	1651
142	509
1228	1724
1724	1725
1724	1726
1655	1736
1737	1738
434	696
92	594
245	903
1747	1748
1151	1378
1115	1754
257	1756
299	1395
1370	1757
1639	1760
310	957
2280	310
310	231
1726	1774
477	1775
102	1775
98	1775
1775	1785
1758	1775
1172	1775
1775	1792
1770	1775
265	1648
59	1618
104	1780
261	547
16	1808
2487	2521
614	1481
57	705
1172	1784
514	679
402	446
180	273
1374	1810
378	1824
532	789
564	564
123	133
2439	336
2439	244
2439	607
2439	338
2439	940
475	1215
1634	1670
796	903
474	1844
467	603
1509	1524
239	1850
118	1370
783	1269
612	1803
2424	1856
742	1640
742	1211
233	1492
281	290
185	1616
1550	1550
873	1873
783	784
104	169
1709	179
1987	1705
1987	996
1987	1987
1987	298
1986	298
1340	298
1980	1880
1980	1980
1973	2255
2255	618
1973	1881
2518	1233
1233	1238
1067	1238
2518	1067
1067	1602
35	426
426	1882
872	1882
1181	1318
1181	1181
2260	1181
494	1315
2214	494
405	494
2424	494
193	1755
193	1362
193	317
193	812
1340	1006
1262	2386
12	828
2421	1213
2421	1739
2421	980
2516	980
2516	1739
2421	2516
2381	980
2421	2504
760	2421
760	2147
2525	378
23	421
23	419
419	419
23	422
421	422
419	422
56	1707
57	273
57	275
62	891
891	892
62	649
61	61
2247	2435
2522	113
75	113
2260	71
122	1883
105	1884
2179	1161
102	1195
90	189
189	380
2514	1163
2389	1163
1082	1595
1335	1304
2161	193
956	1161
2179	956
2251	1885
2184	980
2184	1165
1973	358
1973	182
1973	2481
1973	2521
2220	297
297	1012
297	1011
297	1007
324	1402
13	1886
13	1111
5	13
13	1606
1451	1606
1606	1610
70	1887
1639	1670
2307	1670
1787	1811
1787	1888
1787	930
1787	1668
1787	1889
1787	2444
1787	1890
1787	412
1787	309
1787	979
1787	1891
1787	343
1787	1744
1787	1686
1787	370
1787	1892
1787	1893
1787	435
1787	58
1787	1894
739	1787
1787	2409
1787	1242
1787	1860
1787	2319
1787	1685
1787	1684
1787	1134
1787	1516
1787	1304
1787	1489
1787	1895
1787	182
1787	1896
636	1896
68	636
68	1896
1787	1094
389	1839
1779	615
273	1887
1104	1897
298	1104
2260	777
777	1109
2260	778
405	1898
2260	779
11	1639
74	74
74	1897
829	1897
2374	1316
2374	1183
257	1887
2250	2325
2325	2513
2325	256
2325	1179
2325	626
2250	603
1584	1897
298	1584
298	1897
2218	162
324	545
324	434
2283	324
2252	753
2283	1900
951	978
2283	1866
1783	1875
322	322
2278	905
141	885
885	905
2483	693
2483	1883
2483	122
2483	1483
2483	177
90	377
73	324
324	324
73	325
162	1870
1851	167
1851	1407
2514	802
1558	2518
102	1484
102	102
512	772
770	772
2506	772
104	928
2254	332
2251	2254
1709	2254
1813	1901
1544	1640
1348	1902
1348	1544
1544	1902
1640	1902
1348	1640
276	1903
276	616
276	821
276	1904
276	810
2371	1905
32	1906
1250	1906
1186	1907
41	917
917	1023
918	1023
41	918
1225	1718
733	1718
1718	1908
892	1424
892	1909
894	1909
1004	1911
1081	1912
1078	1912
782	1840
782	1225
782	785
782	946
783	946
784	946
1869	1913
1296	1869
1303	1869
2404	1869
2404	1913
1296	1913
1303	1913
2404	1862
440	1914
440	442
657	1048
1048	1470
1041	1048
657	744
744	1041
657	1047
785	1041
1041	1511
454	744
1632	1915
783	1632
784	1632
1019	1916
1022	1916
850	1916
628	1916
627	1916
271	1916
866	1917
866	1918
673	866
866	1919
866	1920
942	1921
245	866
866	981
866	908
866	1158
2430	866
866	909
866	983
805	866
866	1191
827	866
158	866
866	1517
783	866
866	1060
802	866
2258	245
2258	981
2258	908
2258	314
2258	1400
2258	1158
2258	2430
2258	909
2258	1918
2258	673
2258	983
2258	817
2258	827
2258	2278
2439	245
2439	981
2439	415
2439	804
2439	1158
2430	2439
2439	1918
2439	673
2439	983
2439	817
2439	827
2278	2439
2439	1400
903	982
903	981
903	908
903	1480
415	903
903	1158
786	903
2430	903
200	903
903	1297
903	1918
673	903
903	983
903	1191
817	903
187	903
827	903
903	1919
903	1392
2278	903
903	1003
903	1400
942	981
908	942
796	942
942	1457
415	942
804	942
942	1002
942	1400
910	942
200	942
2430	942
942	1918
942	983
817	942
187	942
827	942
2523	942
2278	942
783	942
908	1921
2430	1921
1661	1921
909	1921
806	1921
827	1921
2278	1921
2430	1661
2430	909
2430	806
2430	827
2392	1661
2392	806
2392	827
1165	1259
1106	1165
453	1165
1558	2255
125	157
125	1110
125	214
125	215
125	216
729	1922
1922	1923
325	1846
325	1922
325	1923
1846	1922
1817	1924
1817	1925
1925	1925
45	1925
45	45
45	1817
795	868
2214	1315
405	1315
2424	1315
2214	2424
2214	405
1462	1707
1707	1759
980	1110
2421	1110
2152	1110
2314	1110
1110	1781
1110	1754
1110	1115
1101	1110
2415	1110
2420	1110
2473	980
2421	2473
2314	2473
2473	127
2473	1739
2473	1781
2473	1754
2473	216
2263	2473
2152	2450
157	216
744	1048
2253	1926
2435	1463
1264	1927
614	1264
785	1264
785	1927
649	1041
115	865
1551	1711
1551	1928
2253	493
493	1926
1646	1929
1929	1930
1929	1932
1116	1933
1116	1934
1116	1767
468	1456
465	468
464	468
465	1456
468	1581
1456	1581
465	1581
464	1581
465	465
1428	814
115	814
209	1571
2253	1571
1076	1603
1076	1084
1076	1092
1076	1421
1092	1421
1560	1935
1560	1560
960	961
959	961
1429	1936
2502	1936
855	1089
874	1913
875	1133
1444	1133
2284	1064
1482	1937
1705	1705
310	1973
1162	1938
1080	1162
687	1162
1078	1162
1079	1162
1081	1162
1779	768
768	857
512	768
700	768
1335	1779
784	1915
783	1915
434	1939
2283	1939
1069	1460
1460	1940
2254	2254
872	1072
584	872
693	693
177	693
1335	1707
95	1941
96	1941
586	1941
1627	1941
243	1941
145	1941
1690	1942
1558	1943
1553	1944
2527	402
2527	1945
2527	1946
2527	682
2359	1285
547	1947
835	1449
873	1948
33	1949
32	1949
1735	1949
31	1735
31	1949
1470	1607
1046	1050
246	1050
246	1607
246	785
1046	1561
1561	1607
622	1561
2374	1107
183	890
183	849
990	1950
1261	1950
1261	1261
246	1268
744	1952
800	1953
62	800
454	800
62	454
412	1623
657	1470
657	1142
744	1470
1386	1954
1954	1955
1386	1955
103	866
103	904
2371	694
694	1427
1427	1956
1335	1427
913	1427
2371	913
913	1956
1335	913
2371	1427
1231	1427
2371	1231
204	1466
437	1480
437	1352
261	261
261	1947
158	200
461	1957
461	1279
1279	1957
454	1959
454	1960
454	1048
799	1048
451	744
744	800
2498	499
2498	1681
1852	1852
799	1041
2522	1318
1318	1961
1630	1962
2238	1361
1994	376
1837	1963
440	1565
2401	2441
2441	2494
2441	826
1074	1075
558	558
124	209
124	1207
2500	124
124	1238
124	1278
124	1965
124	1966
124	1967
124	1235
59	124
124	1678
325	1968
765	1679
451	800
1778	1878
1296	1461
1297	1461
2325	292
86	1969
85	1969
85	139
85	1076
1069	1360
2490	756
2326	2490
2490	1905
1558	2490
2253	1366
128	822
129	822
1069	1940
2426	1940
2513	1940
733	1225
800	1048
2329	1970
207	1970
207	1419
7	1971
2412	1103
2412	2412
2412	1527
1527	1527
2280	1974
2161	2522
2161	1961
1705	1721
1987	1721
1398	1721
1225	1632
516	1225
784	1225
783	1225
733	1632
516	733
733	783
733	784
616	1103
1072	1975
1072	1976
66	1975
872	1975
1976	1976
1976	1977
584	1977
1072	1977
1958	1977
1975	1977
872	1103
66	1103
1958	1103
1103	1975
1072	1103
1103	1977
310	1103
66	616
1958	616
616	1072
66	1977
549	1103
549	616
549	376
1820	1977
616	1820
376	1820
888	1820
833	1223
1728	1978
1053	1728
664	1728
1728	1979
1641	1728
1548	1728
323	1728
1125	1728
2427	1771
2326	2427
2427	564
2427	2502
2427	593
2427	1981
2427	1061
2427	1032
2427	1982
2422	2427
2427	1474
2147	2427
2427	270
2427	378
38	1771
66	584
584	808
66	1072
1958	1072
584	807
807	1072
1958	807
1958	809
809	1072
178	2531
178	1721
2531	1721
190	584
1558	1958
1558	809
2289	809
136	809
300	982
1973	1973
1936	1983
1547	1936
312	1984
1984	1984
310	407
407	1103
407	616
1070	1940
436	1940
1567	1940
1069	1567
436	1567
856	1567
856	1940
255	1940
255	1567
549	1716
549	987
1031	1985
290	1985
276	1031
276	1985
2278	909
805	909
2298	1921
868	1921
2430	868
2392	868
1233	1989
356	1239
2518	356
2518	255
348	1765
311	348
356	1752
255	1752
1208	1752
46	1752
344	345
308	1776
1211	1212
638	1198
1199	1241
2418	1210
1210	1899
1210	1989
13	1991
1335	802
41	916
1477	1996
2506	1997
2506	2506
2506	1998
980	2001
980	2002
980	1966
980	1165
980	2003
2004	2005
2006	2007
1570	2006
1471	2006
1570	2007
1779	2009
467	2011
1024	2012
1779	1521
1779	1182
773	2014
777	1139
2506	742
742	772
455	742
2514	772
773	773
2325	773
773	2010
773	774
297	1024
455	1176
603	1176
2506	1176
467	773
467	1179
626	1245
615	626
256	626
626	1179
626	1118
615	1997
297	1997
1245	1997
1874	1997
1105	1997
325	1997
1644	1997
150	345
348	352
344	348
348	1752
343	348
344	1752
343	1752
973	1813
972	973
1588	2016
1266	1588
1266	2016
1133	2016
1133	1588
1133	1266
917	1133
613	1618
140	140
140	789
259	1150
325	1150
805	1522
2250	2009
166	2009
862	2507
1481	1749
1072	1137
608	1072
66	608
608	808
608	1137
608	809
608	807
584	608
1958	608
66	1137
808	1137
608	872
608	1977
807	1137
809	1137
1288	1850
1582	1850
1850	1954
1850	1955
1386	1850
657	1955
1779	1132
1779	1726
1709	1779
1779	626
1389	1675
769	770
512	770
770	857
2514	768
768	961
768	962
768	2023
768	1743
768	1002
358	768
768	1655
1720	2101
1532	2101
1831	2101
203	1498
71	1371
48	1664
599	1664
1664	1733
1664	2049
1448	1664
424	1664
1367	1664
1467	1664
2353	1664
1664	1665
1664	1884
1664	1692
739	1664
1664	2063
1214	1664
1664	2127
1664	2044
1664	2116
1664	1699
1622	1664
1545	1664
1546	1664
1659	1664
1452	1664
542	1664
1664	2091
517	1664
1191	1664
1664	2125
1502	1664
1664	1720
1664	2155
1454	1664
1664	1710
1664	2045
633	1664
1664	1919
1664	2020
1664	2083
1664	2037
2369	1664
1664	2095
1682	2181
1682	2098
1329	1975
1543	1975
1975	2068
757	1975
1975	2069
1282	1975
1532	1547
768	1873
1873	2141
1782	1873
240	1873
1091	1873
602	1873
1522	1873
1543	1640
2214	761
2214	1856
405	1233
1337	405
405	853
405	1689
2424	2080
2424	461
2424	763
2424	715
846	1882
2522	1543
2522	2068
2522	757
2522	238
2522	1282
12	1233
12	1282
1246	1315
1315	1734
1315	1856
2435	48
874	909
874	1502
2278	874
90	2029
90	386
834	1543
834	2068
757	834
834	2069
834	1282
617	834
91	483
91	782
91	2104
91	882
91	2027
91	325
1864	2141
1543	1961
1961	2068
12	1961
102	1743
1658	1828
1658	2064
1658	991
1658	1387
1658	1526
1658	1448
1658	1444
1658	1452
1658	1367
1658	2160
1658	2125
1658	1366
1658	1454
1658	192
1658	2524
1658	2020
1658	455
1658	1766
1658	498
108	1153
108	821
1787	1733
1787	1917
1787	1525
1787	1467
1787	1849
1787	772
1787	483
1787	636
1787	1446
1787	1647
1787	592
2360	1108
1108	1329
1108	1184
1091	1108
1108	1749
372	1108
1108	2103
1108	2104
1108	1615
116	1499
1448	2180
1673	2180
2160	2180
192	2180
1929	2180
870	872
872	1605
872	1131
356	872
359	872
872	2104
846	872
414	872
697	1355
1131	1355
1355	1491
873	1355
81	1863
1863	1882
1863	2133
739	1863
1863	2103
1580	1863
92	2119
2278	1690
1658	1942
1665	1942
2278	1942
218	620
79	489
489	1733
489	520
411	489
1486	2098
1395	1486
846	1164
938	939
939	1218
1387	1611
1387	2069
1387	1705
697	1387
1387	2171
1387	1526
1387	1726
1387	2107
1387	1761
1387	2084
1191	1387
1387	1720
1387	1727
824	1387
1387	1497
1387	1801
1387	2073
1387	1794
1387	2164
1387	2020
1387	2076
763	1387
1387	1643
1387	1577
1387	2113
1387	2033
1387	2126
1387	2061
2476	1387
1387	2115
1387	2058
1387	2108
1387	1867
110	1387
1387	2145
1387	2037
1387	2116
1387	1621
2509	109
780	989
109	941
109	2028
474	1580
1131	2008
1655	2008
2008	2085
577	1167
1167	1776
154	1097
155	895
155	1097
155	199
155	414
2259	2326
2259	2521
2342	2433
2342	1351
2342	1671
2342	2166
2342	720
2342	1850
2342	460
162	1019
2476	162
162	1131
162	1780
104	162
162	204
162	1884
162	2154
162	1806
162	2142
162	2113
901	2048
1410	1507
763	1507
2298	175
2298	149
2067	2144
914	915
332	1695
989	2007
1437	489
350	81
350	120
350	2510
350	1917
350	697
350	2173
350	1131
350	1448
350	1726
350	1467
350	2059
350	739
350	2087
350	2034
350	1930
350	783
350	1269
350	1288
350	2021
350	2414
350	2020
350	1654
350	1395
350	11
350	162
189	1241
2488	2052
1452	2529
1452	1092
1452	1631
1543	1591
1282	1591
2442	314
2168	2170
2298	200
200	2057
200	358
2406	2012
2012	2040
161	2012
804	2012
204	2012
1466	2012
584	2012
1647	2012
2082	2099
81	550
550	846
1543	1795
1795	2068
1795	2069
917	1795
1795	2160
1398	1795
1532	1795
1766	1795
1795	2102
1117	1287
774	1287
2406	1287
521	1287
1085	1287
617	1287
1129	1287
1992	2047
1992	1104
1992	1543
1992	120
1992	1526
1992	1790
1992	2053
1992	193
1992	1694
1992	2080
1992	178
1992	1655
1992	2449
1992	325
1992	763
1992	1689
1992	414
1992	593
2506	1952
2506	1233
1285	1559
2353	2420
1387	2130
1794	2130
2037	2130
173	1936
1459	1513
47	589
2218	517
2218	1233
232	978
233	237
233	1522
233	2063
233	325
1377	2104
2296	1377
238	768
238	1520
238	1438
238	1091
238	1670
238	1233
238	1655
238	414
2262	1833
239	1833
4	38
1448	4
4	2175
4	1253
4	2125
4	498
1120	1728
521	1502
1502	2106
1419	1502
1502	1785
1366	1502
2524	1502
242	2115
2253	2115
1596	2115
2020	2115
1091	2174
983	1158
983	1918
1450	1918
2450	336
920	1641
317	920
316	920
1543	1916
757	1916
1916	2069
1282	1916
276	1708
296	325
1826	299
1726	2022
1395	2022
835	836
836	1449
836	1655
617	836
1368	1543
1368	2068
1368	1848
1282	1368
1368	1490
295	1368
1442	2048
306	1200
307	1200
308	1200
1200	1644
1200	1210
1200	1211
1200	1212
58	1200
638	1200
1200	1202
1200	1635
446	2009
2009	2141
22	422
768	1115
757	1396
1396	2069
288	1396
127	827
127	1781
127	1115
1108	1383
812	2087
319	2087
2087	2135
1454	1543
1454	2068
757	1454
1454	2069
1282	1454
535	2110
535	1114
535	1631
171	977
977	2165
545	1603
2252	545
1448	2252
2252	1367
2252	194
2252	411
1079	1912
1912	2068
1282	1912
1313	2141
1313	1356
411	1313
1313	2030
1543	1723
1723	2069
489	1723
1282	1723
978	2018
978	1329
846	978
978	1616
356	978
972	1989
489	972
972	2104
875	2057
875	1888
319	875
875	1766
875	1917
875	909
318	875
2278	875
2419	875
875	2146
489	875
149	667
18	667
739	667
667	1091
667	1616
667	2104
520	667
623	667
356	667
329	1647
14	815
2262	331
331	1491
331	344
549	331
1972	331
1062	2015
2214	1068
708	1616
1078	1079
1078	1080
1078	1707
2278	1078
1079	1081
1080	2121
1077	1080
13	81
13	1576
13	2117
1351	1887
338	813
338	812
338	1896
193	338
338	934
338	1495
313	338
276	1061
175	1060
1099	1501
1099	1752
1099	1587
2531	1796
143	2529
143	2531
502	2529
502	2531
502	2153
502	2269
502	212
502	629
502	2491
502	1995
345	348
348	1238
353	1726
356	768
116	356
356	1467
356	1491
356	2132
356	1233
150	356
348	356
356	1237
344	356
356	1238
356	2015
356	882
356	650
356	2017
1926	2139
789	1790
789	1694
489	789
2331	368
2325	79
2325	16
2325	199
2325	1920
2325	1694
2325	306
2325	559
2325	325
931	1821
371	1932
11	1930
1930	2023
371	1930
276	1555
1494	2104
1592	2104
1830	2104
1543	2104
2069	2104
1127	2104
2094	2104
98	2104
1782	2104
1520	2104
1541	2104
1762	2104
2065	2104
1706	2104
1250	2104
1091	2104
306	2104
1749	2104
1877	2104
1237	2104
356	2104
1049	2104
372	2104
2103	2104
1615	2104
882	2104
1282	2104
1070	2104
1353	2104
1128	2104
1468	2104
1235	2104
1594	2104
1216	2104
2093	2104
2075	2104
1159	1632
1192	1450
1388	1450
673	1450
983	1450
516	1450
574	1593
1967	2150
2100	2150
1814	2150
1337	2150
1844	2150
636	1849
2515	1856
1689	1856
191	846
191	681
191	2077
191	1376
2438	134
1986	846
1340	2051
1340	2278
2515	1929
1329	1929
1929	2069
1855	1929
1119	1929
358	1929
316	1463
617	1463
2440	92
239	768
239	774
116	239
239	697
148	239
239	1782
239	1520
239	1888
239	612
239	2012
239	2132
239	1438
739	239
239	1372
239	1087
239	1356
239	352
239	356
239	1522
239	390
239	1580
239	520
239	1594
239	609
390	1127
390	1877
390	1782
307	390
390	882
489	1166
549	764
549	161
549	1091
549	2403
549	325
1972	2097
2184	1836
2184	1526
2184	1665
2184	2154
2184	1929
2184	2278
2296	1543
2296	2068
2296	757
2296	2069
2296	2138
2296	1282
314	403
768	2167
1329	2167
116	2167
1520	2167
1694	2167
835	2167
836	2167
1091	2167
344	2167
1278	2167
520	2167
1689	2167
2278	1539
990	1989
2498	768
2498	1543
2498	2068
2498	757
2498	2069
2498	1282
2498	520
2498	1689
880	895
155	880
2161	963
963	1108
204	963
963	2031
1995	247
2326	247
415	1017
2289	1543
2289	2068
2289	757
2289	1739
2289	1282
2289	1653
2289	414
426	1642
426	1967
426	2137
120	426
426	1526
426	483
426	782
426	1580
373	426
411	426
1337	1580
1972	1687
571	1687
1818	1061
1818	1282
1826	116
1826	1131
1826	288
1826	2104
1826	1689
1826	2512
1826	460
1461	2098
1709	1967
1709	2141
1667	1817
1647	1817
443	1647
2238	1763
1988	1763
2433	1351
625	1351
1543	1576
1576	2068
1576	2069
1282	1576
315	1576
315	2069
190	972
680	1556
478	1233
478	1593
478	1248
478	2085
1193	1669
2268	2018
2268	48
2268	2511
1828	2268
2268	81
2268	120
2268	148
2268	1467
2268	1764
2268	1240
2268	2042
2268	1589
2268	836
2268	483
2268	2081
2268	2006
2268	1727
2268	668
2268	1935
2268	616
2268	1867
2268	2090
2268	1580
2268	617
1826	2268
2268	1647
2268	1598
2268	2039
2268	1455
2268	534
2268	1224
2268	411
2268	625
1433	1556
1281	2158
79	2112
1825	2112
2021	2125
2021	2089
1365	1370
76	175
506	1367
506	2113
515	2069
515	1450
515	1867
515	1689
1092	2135
522	2040
522	2143
92	1788
1745	1785
1176	2000
1475	2000
360	2176
1233	2176
1237	2176
1752	2176
1238	2176
2015	2176
358	2176
359	2176
1736	2176
647	2181
766	1827
2037	2064
1526	2037
1794	2037
2020	2037
2037	2169
2037	2113
2115	2116
490	540
2369	1367
1148	2098
2066	2118
535	2066
2066	2110
1766	2066
2066	2102
1631	2066
2066	2077
90	2070
92	2070
22	561
2079	2104
1743	2032
1727	2032
336	1035
1180	1329
1180	2068
1108	1180
1180	1782
1180	1520
1180	1769
1180	1200
638	1180
345	1180
1180	2136
882	1180
515	1180
757	1180
98	1180
1631	2118
1631	1834
1631	1836
1631	2122
1631	2096
846	1631
1452	2054
2024	2151
1241	2151
1599	2098
1599	2125
1366	1599
90	580
588	1387
588	1704
373	588
490	594
594	2015
358	594
1090	2085
1917	2111
1448	2111
175	1573
739	1573
79	1540
1091	1540
549	1540
846	1540
99	1540
1540	1825
81	1397
193	1397
739	1397
1395	1397
620	1044
625	798
1826	625
2512	625
625	720
1611	1850
1850	2114
1100	1850
1060	1850
1407	1594
1700	2113
2515	757
801	890
1170	1280
64	1638
1138	1389
700	769
700	857
700	1132
769	857
769	1132
857	1132
2038	2228
2518	1117
757	768
768	1145
512	1132
163	379
71	2243
71	2008
1664	1755
2516	1664
24	1391
24	1174
24	2100
24	1290
1526	1547
2253	1547
1366	1547
2524	1547
1346	1547
896	1072
1150	1193
1448	834
834	1897
1794	2064
1794	2106
1526	1794
542	1794
1794	2190
1755	1794
1794	2169
2516	1794
1794	2113
21	23
23	1385
23	1720
23	1396
851	1375
1019	1020
1019	1021
271	1019
1019	2188
1019	1022
1020	1916
1020	1021
1020	2188
1020	1022
1124	2052
2052	2170
2019	2052
1124	1092
1124	1766
422	1187
422	1227
418	422
270	271
1733	1736
191	1733
41	1733
681	1733
486	1733
907	2226
682	2226
1083	1938
1082	1938
1079	1938
1080	1938
1081	1938
705	2180
1649	2180
39	1204
1204	1431
40	1204
1204	1416
2489	907
907	1946
907	1772
248	907
907	1816
907	2242
907	1578
682	907
907	1512
877	1062
1150	2011
2513	1917
591	939
939	2204
1428	1845
2173	2207
2160	2173
207	2173
2021	2173
1766	2173
2089	2173
1562	2229
1347	1562
733	1908
1886	1908
1526	1908
1596	1908
1427	1508
628	1021
271	628
628	2188
628	1022
1440	2223
1547	1551
1366	1551
898	1115
898	2077
155	831
155	863
1108	1169
372	1169
1169	2103
1169	2104
1547	2237
162	2237
1526	2237
2125	2237
1916	2237
1532	2237
2182	2237
1530	2237
178	1448
2428	1123
356	1173
359	1173
2518	1173
191	2217
1367	2170
971	1367
193	1367
2529	1367
178	1367
2491	1367
1995	1367
1367	1947
302	1888
1720	1888
1606	1888
1600	1888
505	1888
1206	1888
1807	2168
971	2168
260	2168
2436	2168
2168	2183
1680	2168
261	2168
1988	2168
2019	2168
2168	2239
34	2170
200	896
200	908
397	2101
397	2028
397	1617
1346	1505
1795	2118
535	1795
1631	1795
1795	2077
542	2020
2516	542
1318	2160
1580	2160
2190	2208
517	2190
2046	2190
1919	2190
2149	2189
1886	2189
1746	2189
1401	2189
2162	2189
34	2203
157	926
214	1115
79	216
98	216
126	216
127	216
216	217
216	1739
1435	1769
1174	1309
388	1309
2184	1309
1309	1824
1309	1539
1309	2192
222	224
1967	2041
1387	2041
896	2041
1526	2041
1191	2041
2041	2125
2041	2115
1366	2041
1945	2041
2041	2076
1149	2041
2041	2113
955	2168
131	959
229	231
34	971
971	2019
1229	1688
1688	2127
1381	2221
976	1062
791	1824
791	1539
2374	1849
2374	1896
860	879
860	2194
860	1446
1335	1896
896	1896
1849	1896
801	1896
1174	2100
2381	1174
1174	1219
2184	1174
1174	1824
1174	1539
1174	2192
193	194
1335	196
196	913
196	2170
196	2213
196	261
196	1736
196	2019
1547	1711
1387	1711
1526	1711
2253	1711
1115	1711
1711	2077
1577	1711
2170	2215
2213	2215
971	2215
261	2215
1736	2215
1947	2215
2019	2215
34	1728
2115	2148
2476	2115
1366	2033
1366	1626
1366	2106
1366	1387
1366	1526
1191	1366
1366	2125
1366	2115
1366	2108
1366	1532
1366	1412
1366	2020
1366	2037
1366	2116
1366	2102
1366	2017
1366	1577
1366	2120
1366	2113
267	867
267	942
516	1007
1007	1450
1308	2241
159	2241
160	2241
271	850
850	2188
2497	1020
1658	2497
2497	1022
1533	1960
1960	2197
1959	1960
2407	1960
1960	2025
1021	1916
1530	1916
1108	1435
1435	2104
1812	1854
836	1200
306	836
836	1198
308	836
836	1644
836	1210
836	1211
836	1212
836	1207
58	836
638	836
836	1202
579	836
1368	1496
305	814
1199	1211
308	1211
1211	1644
638	1211
1202	1211
1005	1741
1452	2036
1736	2036
1115	1781
1013	1781
1115	1739
422	1720
1396	1720
2314	1720
21	1187
1187	1720
22	1396
2263	980
856	1069
314	1626
306	314
308	314
314	1644
314	1211
314	356
314	359
314	1202
314	498
2444	1021
1021	2188
1021	2231
1021	1022
627	1021
350	1383
2385	1383
1383	2021
1814	2237
1391	1814
926	1814
1814	2100
41	1814
1539	1814
1290	1814
2476	1454
535	2209
210	535
198	535
535	1547
535	1863
535	2118
535	2207
535	1562
506	535
535	2237
535	2057
535	1683
535	1514
207	535
535	1515
535	1398
535	1620
535	1644
535	1212
535	1720
535	1704
535	2139
535	1202
535	1532
2296	535
535	1214
535	2086
535	1745
535	1766
535	1831
535	2102
535	568
535	2077
535	588
535	2078
535	1575
2252	34
2252	2019
324	1752
324	356
2518	324
324	1574
971	2055
2444	1022
372	1749
1749	2103
2359	1062
1078	2121
1081	2121
1077	1081
1080	1081
271	272
922	2531
502	922
2398	2531
2269	2409
2274	2409
1993	2409
2274	2493
2398	212
629	212
1995	212
629	2529
629	1995
502	2398
1658	2238
2238	1277
1526	2128
991	2224
360	699
699	1200
699	1198
308	699
699	1644
699	1210
699	1211
699	1212
638	699
343	699
345	699
352	699
344	699
699	2015
358	699
2518	699
699	1202
343	345
343	352
343	2015
2518	343
345	1200
308	345
345	352
345	2015
345	358
345	359
2518	345
348	1200
348	1198
307	348
308	348
348	1210
150	348
348	358
348	359
2518	348
348	1202
352	2015
352	358
352	359
2518	352
308	344
344	1212
1995	2529
1995	2457
143	1995
1995	2319
1995	2491
819	1238
699	1238
343	1238
345	1238
150	1238
352	1238
1237	1238
344	1238
1238	1752
358	1238
359	1238
2518	1238
348	507
683	907
683	2242
682	2242
39	1416
1416	1431
40	1416
617	1449
695	1386
1198	1202
307	1202
1199	1202
308	1202
1202	1644
1202	1212
638	1202
335	1202
1171	2101
1658	1171
1755	2190
1755	2020
2516	1755
516	1158
516	983
516	1918
1450	2104
11	1632
991	1632
2403	34
2403	1886
2403	1743
2403	1491
2403	908
2403	444
2403	2194
2403	2162
191	2240
191	909
191	1865
1988	11
1709	1988
1988	500
1065	1522
1929	2156
1543	1929
813	1929
1929	2097
682	1946
2250	742
2250	2000
897	1712
832	2263
217	387
1754	2196
1781	2196
1115	2196
1396	2196
217	2196
2263	2196
1739	2196
2381	388
388	1219
2263	388
549	1797
549	1063
1658	1972
1972	1797
916	1023
2184	1824
2184	1539
11	1092
2326	2521
2289	2326
310	229
2101	2186
1366	2124
1539	1962
2524	1539
2220	1011
1345	2187
2411	1771
2427	2521
444	1662
2063	2092
2035	2063
2063	2104
1543	2027
2524	2101
1448	2524
2184	2524
372	1666
1666	2103
617	1897
298	617
2292	1580
2292	2244
774	2031
860	2031
699	2210
2518	2210
1273	1580
2482	845
676	1278
471	776
1142	1470
2250	2431
2165	2222
314	2211
477	574
477	1593
463	477
477	1267
1765	2074
478	574
478	2028
478	1267
1784	2017
1492	1784
1654	2021
2021	2120
1412	2125
1412	1621
2212	2225
1841	2212
432	525
525	2219
1766	2101
1766	2118
1766	2207
1704	1766
1766	2077
1824	2192
21	561
561	1396
1916	2188
1022	2188
627	2188
2020	2169
2516	2169
2531	2062
2518	2062
1621	2064
1621	2106
1526	1621
1191	1621
1366	1621
1621	2020
1654	2089
1530	2231
627	1022
516	627
836	1897
681	1897
486	1897
298	836
1617	2101
1617	2028
549	905
24	1912
1627	1912
243	1912
876	1912
1593	2245
1267	1593
463	1593
574	1267
463	1267
463	478
1593	2246
574	2246
574	2245
477	2246
477	2245
1267	2246
1267	2245
478	2246
478	2245
463	2245
1019	2246
1020	2246
1022	2246
1021	2246
2444	2246
2188	2246
1916	2246
162	2246
2231	2246
22	419
22	421
22	418
418	1227
419	421
418	418
12	1942
846	1542
845	1542
1542	2185
1542	1614
462	1542
1278	1542
1542	1585
676	1542
1157	1542
590	939
938	2204
591	938
590	938
937	2204
591	937
590	937
591	2204
590	2204
874	1642
133	570
133	349
133	569
183	1898
6	312
6	405
312	405
6	1315
486	681
681	1865
681	2240
681	2217
486	1865
486	2240
486	2217
1865	2240
2217	2240
1733	2240
1865	2217
1733	2217
2088	2217
1538	2217
1538	2088
1390	1675
2442	1052
2442	1053
2442	2478
2442	1485
2442	2071
2442	1819
2442	2072
2381	1824
1219	1824
1824	2129
832	1824
217	1824
2263	1824
24	943
1195	1256
1106	1991
71	71
71	168
71	829
71	1190
71	2443
2284	71
71	930
71	305
71	1364
71	1843
71	1637
168	168
906	2464
906	1156
906	1619
906	1024
906	2324
1992	906
906	1702
679	906
204	906
2389	906
301	906
469	906
906	1362
144	906
485	906
906	1470
622	906
434	545
1994	545
545	978
321	545
545	1068
545	1036
201	12
39	40
40	407
2255	39
39	2177
39	1431
282	39
1994	1204
40	2007
1994	2007
40	1431
339	1591
1642	1705
426	1705
72	1705
201	247
1408	1690
649	764
764	785
621	764
649	1108
649	2103
649	2104
372	649
649	1749
649	1615
649	2233
785	1108
785	2103
785	2104
372	785
785	1749
785	1615
785	2233
621	1108
621	2103
621	2104
372	621
621	1749
621	1615
621	2233
1027	2163
1099	1166
1420	1625
1420	2126
1517	1915
1041	1517
1041	1269
2482	92
92	1661
92	2273
92	1564
92	2029
92	1984
92	1531
92	2423
2482	2423
2482	846
846	2423
845	2423
1585	2423
1278	2423
2482	1278
2482	1585
92	1278
92	1585
92	845
92	846
1536	1536
1983	1983
2509	2509
1403	1403
1393	1393
1065	1065
814	814
16	16
2321	2321
809	809
1195	1195
2478	2478
1454	1454
1753	1753
2403	2403
956	956
1305	1305
1786	1786
1645	1645
2083	2083
1300	1300
1178	1178
1155	1155
2495	25
2495	30
1342	2495
25	27
25	26
25	30
25	28
1342	25
27	30
26	30
28	30
1342	30
1342	28
26	28
27	28
325	1528
324	1528
1779	773
1779	1699
1126	1126
892	1126
812	812
2214	812
405	812
812	1856
812	1503
405	1856
12	1195
1519	1618
59	1519
1518	1618
620	1618
59	620
1041	1618
1042	1618
799	1618
785	1618
59	1041
1041	1519
1041	1518
613	1041
372	1618
59	372
2251	1277
2259	1277
524	1277
2329	1277
756	1277
117	814
92	814
1444	1096
1444	749
1358	1484
38	1484
1092	1484
168	2055
2416	168
168	367
798	1679
1200	1233
1200	1602
150	1200
352	1200
1200	1237
344	1200
1200	1752
343	1200
1200	1238
356	1200
359	1200
2518	1200
408	1200
1200	1601
360	1238
1238	1601
1238	1431
1204	1238
40	1238
1238	2210
2518	360
2518	1601
699	1601
1859	1859
1859	1913
1859	1869
1859	2232
965	1275
965	974
72	426
72	1642
366	2262
1113	2471
1951	1961
111	1961
874	1961
2522	1195
90	382
1750	1983
92	1750
90	2235
92	2235
381	821
621	1041
649	1263
621	1263
785	1263
785	1048
460	514
514	720
514	625
514	1044
514	2166
514	1671
514	1850
514	2343
457	460
457	720
457	1044
457	2166
457	1671
457	1351
456	460
456	720
456	2166
456	1671
456	2343
456	625
456	620
457	2343
457	1850
514	514
457	514
366	325
927	956
998	1536
1301	1536
826	1536
1416	2177
40	2177
1431	2177
1204	2177
783	1041
784	1041
529	939
529	591
529	938
1558	314
1158	1450
2403	372
2403	784
2403	783
1099	1099
2278	2322
343	2322
498	498
498	2140
2140	2140
1392	2140
498	1392
314	2140
314	476
476	908
908	2261
314	2261
1988	1822
2234	1822
831	1223
1323	1323
970	1226
970	975
970	976
970	2399
1465	1901
695	1955
695	1954
657	695
695	1850
1628	2272
117	1984
117	1983
1838	2370
1004	1838
1004	2370
967	1248
1233	1528
324	1238
324	1092
1994	324
324	408
1558	324
324	1900
1558	1900
2289	2518
2478	358
2478	1238
2478	2518
1558	2478
2478	1900
789	1426
789	1447
1335	789
2513	789
1067	2328
32	1250
1088	1250
598	2452
2178	2452
32	598
422	838
860	2343
2250	526
2506	526
773	1132
1911	2425
1004	2425
1951	2161
509	1001
509	1000
509	999
2411	66
66	1771
2346	66
2521	66
2427	66
66	423
2411	2427
2411	2236
2411	808
2411	809
546	557
557	557
2250	1998
1987	1740
1987	2239
886	2239
1829	1996
2458	1996
359	1528
1528	1752
324	359
1528	1602
324	1602
1973	1103
1964	1103
12	381
1493	1551
947	986
986	1835
1693	986
621	1835
621	947
1674	1835
1507	2466
1507	2281
1507	2105
1293	2105
2105	2281
1293	1507
325	467
325	466
405	1503
2214	1503
1315	1503
2424	1503
391	1962
389	2072
285	1025
286	1025
286	287
285	287
473	473
15	407
15	310
15	1973
1973	407
1973	229
1340	2357
1354	2313
1354	2318
2432	2447
2253	1832
2253	1551
2253	1928
1547	1928
1506	1551
1506	1928
1732	2037
33	1735
498	1776
1444	1186
549	1444
1282	1543
917	917
917	918
1330	1332
1327	1330
804	865
115	804
804	882
867	942
2418	673
1693	2377
64	831
63	1638
65	1638
2481	1809
1698	1809
2481	1698
454	1389
454	1138
2407	1389
123	1907
124	1907
123	1186
124	1186
814	911
803	911
911	2182
1588	1588
2016	2016
2486	1588
2486	2016
2486	1266
1004	1906
32	1004
24	79
2524	24
460	2341
2013	2157
1566	2453
1221	1566
1515	1683
2390	1296
2390	1297
104	1251
104	1731
2056	2056
324	1207
324	1200
2263	215
2263	1230
2263	217
2263	2353
2263	214
2263	387
2263	2421
2263	2314
2263	127
2263	1739
2263	1781
2263	1754
2263	1115
2263	399
2263	398
2263	2420
2263	126
2448	2448
2161	325
2365	1488
882	932
865	932
1487	1487
1340	191
862	861
1552	1799
1552	2295
1344	1344
335	376
805	1946
1816	1946
248	1946
246	1271
1363	2313
1363	2382
2405	2448
228	1593
1196	2227
93	1196
266	2320
755	755
1347	2229
157	157
2473	157
1110	1110
214	214
2415	2420
1533	2197
1533	1959
1392	2187
1295	1295
1877	1877
2394	160
2394	2241
2394	1308
2394	159
160	2297
159	2297
1091	2397
1221	2453
2346	136
1078	1938
2530	337
2530	2530
1100	2114
768	1159
857	1159
2389	1549
2389	2448
1314	1984
1314	1983
1314	2368
935	1314
792	1314
792	792
792	935
792	2279
92	792
935	1983
935	1984
744	1960
1959	2197
2	2197
1815	2341
2197	2341
1815	1960
1533	1815
2	1815
1815	1815
1363	2201
178	2359
1108	1481
2486	1006
2527	907
1512	1946
1512	1578
2161	1676
2394	2441
2401	1014
2441	2441
471	1636
471	587
1610	1663
2359	875
875	875
875	2159
1079	2121
1609	2355
401	1609
2527	926
1994	574
329	574
2527	848
336	1624
1029	1029
1025	1029
1029	1436
1535	1535
1027	1027
336	1027
1535	2308
2308	2308
1025	2308
1436	2308
336	2308
1359	1359
336	1359
2308	2352
1025	2352
1436	2352
336	2352
1025	1025
1025	1436
362	1025
855	1025
473	1436
336	473
1026	1436
336	1026
1194	1535
1194	2308
1194	1436
336	1194
1194	2352
1337	255
255	856
2524	856
377	377
325	377
1994	1020
1994	1019
1994	2497
1020	1020
1020	2200
1020	1722
2497	1019
270	1019
270	1022
2497	1021
920	1989
1113	1961
12	1153
1705	1961
12	963
874	963
12	2235
325	2235
12	1797
12	1090
12	976
12	1112
12	877
12	1466
12	1269
12	297
2336	12
12	843
12	247
12	1376
1338	12
12	966
12	2146
12	1312
12	842
12	812
12	873
12	1104
12	2285
12	772
12	333
2449	12
12	1362
12	168
1990	12
12	2012
12	2082
12	2112
2532	12
12	280
2522	12
2315	12
12	872
12	1355
2474	12
12	874
12	417
12	960
12	1853
12	1240
12	2434
12	1317
12	990
12	1579
12	2022
12	1186
12	618
12	1350
12	262
12	241
12	1083
12	1306
12	2264
12	562
2486	12
12	2060
12	1164
12	204
2448	12
12	119
2256	12
1335	2043
236	885
2483	1777
2483	1129
885	1769
885	2050
585	885
885	1672
1129	1777
1129	1769
1769	2050
585	1769
1672	1769
1769	1777
236	1769
382	1241
382	1823
189	1823
325	1647
325	821
189	377
92	377
92	822
325	793
380	2235
90	383
304	383
790	1983
790	1984
117	790
790	2279
790	790
2134	2134
1486	2134
819	844
2056	2294
1441	2294
2325	2465
2289	2446
299	2400
1826	1826
2462	2470
362	1151
559	626
630	2337
1623	1674
1677	2364
1414	2379
1225	2344
1650	2300
527	1650
1225	2311
2311	2344
1185	1876
527	1411
949	2288
630	2206
630	2391
630	1868
630	1007
630	1697
630	1529
630	1604
630	1469
630	1422
1715	2375
2375	2379
1414	2375
1660	2347
1225	1662
1662	2311
2287	2344
1652	1674
1406	1674
1652	1714
1714	2380
527	2305
1572	2305
481	1677
1677	2277
1677	1773
1677	2223
1677	2377
1414	1677
1677	1868
1677	2358
1608	1677
1572	1677
1677	2344
1677	1872
1677	1793
1677	1834
491	2380
1652	2339
1597	1652
1857	2445
1857	2344
1798	2379
1414	1798
1652	1691
1857	2437
2271	2309
1406	2347
1652	2327
1773	2327
1868	2327
1623	2327
1406	2327
1572	2327
1473	2327
2327	2344
2327	2455
1789	2379
1417	1789
1789	1847
1414	1789
1789	2270
2282	2330
2282	2393
1800	2282
1406	1432
1232	1432
375	1652
375	2380
375	2265
1652	2379
2358	2379
2344	2379
1415	1652
1415	2286
1415	2380
1415	2223
527	1415
1415	2377
334	1415
1415	1868
1415	2265
1415	2358
1415	1623
1415	1608
1406	1415
1415	1572
1415	1657
1415	2344
1415	1872
1415	1793
2282	2316
1458	2323
1719	2303
1879	2303
1840	2303
527	2451
527	2349
455	2337
455	1652
455	1789
455	1406
455	1572
455	1374
1652	2345
1225	1857
1225	1472
1225	2327
1196	1225
1225	1861
497	1225
1225	1406
1225	1572
1225	1534
1225	1349
1196	1652
1196	1773
1196	1868
1184	1196
1196	1623
1196	1406
1196	1572
1196	1473
1196	2344
1196	1405
1225	2348
1840	2344
2361	2380
527	2361
1374	1847
1629	1730
1608	1730
334	2305
334	374
334	1537
334	1879
334	1840
334	1842
334	1868
334	1184
334	1406
334	1572
334	1529
334	949
334	1405
334	1834
334	1374
374	1650
1650	1847
1650	1868
1007	1650
1650	2301
1184	1650
1650	2267
1572	1650
1529	1650
949	1650
1413	1650
1405	1650
1374	1650
1369	1650
2018	2387
1414	1652
1414	2358
1414	2344
1855	1871
1855	2271
1406	2311
1572	2311
1188	2286
1188	1566
497	1857
497	2327
497	1369
1093	1652
1652	2384
2380	2384
527	2384
1652	2354
1118	1613
1405	2301
1184	1185
1802	2193
1652	2309
1406	2309
1443	2302
1590	2302
1425	1652
1425	1509
2172	2380
2335	2467
2363	2380
527	2363
1406	1434
438	1652
438	527
438	497
438	1012
438	2344
1652	2467
2286	2467
2380	2467
2277	2467
2377	2467
1868	2467
2358	2467
1406	2467
1572	2467
2380	2451
1439	2379
1414	1439
1613	2344
986	1652
986	1623
986	1406
1185	2229
1652	1694
1572	1694
541	1012
1012	2275
1534	1652
1534	2380
1534	1677
1534	2445
1534	1572
1534	2344
1604	1652
1652	2216
1524	2216
1908	2340
1225	2340
1861	2340
2340	2344
1479	1652
1476	1652
1652	2275
496	1652
496	1443
1469	1652
1652	1657
1657	2380
1572	1657
1657	2344
1657	2456
1418	1652
1406	1418
1418	1572
1607	2109
1464	1607
528	1405
1405	2286
1405	2327
497	1405
1185	1405
1405	1572
1405	1534
1405	2291
1652	2456
2286	2456
2380	2456
1443	2456
1773	2456
2377	2456
1868	2456
2265	2456
1623	2456
1572	2456
1768	2456
2344	2456
1872	2456
2230	2468
2094	2380
1369	1652
1369	2380
527	1369
1369	2344
1652	2310
1349	2344
549	549
1964	1964
584	823
823	1072
98	823
2299	2299
1972	1972
2198	2306
1558	408
82	323