1030	462
1430	1614
503	2185
427	1279
1810	1440
105	515
1489	2216
2163	2379
287	1425
1029	1793
1025	1798
1026	1715
1535	1091
2308	460
1194	454
2352	947
534	1585
1030	2464
1430	2440
503	1388
427	1707
1810	2058
105	46
1489	800
2163	451
287	1953
1029	1846
1359	1894
1025	208
473	1276
1030	2025
1430	1118
503	2345
427	2316
1810	1411
105	526
1489	59
2163	1618
287	1042
1029	1952
1359	1565
1025	440
473	1511
1026	442
1535	1914
2308	459
534	2484
1030	658
1430	624
503	648
105	2475
2475	462
441	2185
648	1279
624	1440
658	515
2484	2216
2480	2379
767	1425
459	1793
1914	1691
442	1798
1511	1714
440	1715
1565	1091
1952	460
1042	454
1618	947
59	1585
526	2464
1411	2440
2316	1388
2345	1707
1118	2058
2025	46
2475	800
439	451
441	1953
648	1846
624	1894
658	208
2484	1276
146	225
948	2378
945	1341
1009	2131
1298	2248
1742	2517
1889	1701
412	2350
2132	3
443	20
519	43
702	174
985	181
428	195
142	220
1738	230
614	252
1264	487
1927	511
1957	83
1468	581
1915	632
613	652
1628	659
2272	665
2013	666
2227	675
93	704
2397	718
1221	723
2453	553
1481	619
1876	752
2206	2492
2375	759
1674	19
491	563
1719	787
1789	852
1473	859
1196	42
374	883
1007	425
1529	887
2311	52
1566	912
1857	919
986	751
541	2388
1012	952
497	953
1185	944
2291	958
2286	130
2377	969
1623	2191
1572	847
1872	1247
1908	2317
2220	406
1717	837
146	839
948	840
945	841
1009	899
1298	900
1742	2528
1889	1858
412	925
2132	1066
443	1399
519	1086
702	170
985	1222
428	420
142	1272
1738	653
1927	1724
1957	957
1468	2487
1915	180
613	179
1628	996
2272	1262
2013	2386
2227	1213
93	760
2397	2525
1221	113
2453	1595
1481	1686
1876	182
2206	753
2375	1883
1674	1303
491	2404
1719	1862
1789	786
1473	2523
1196	45
374	795
1007	1101
1529	1421
2311	1064
1566	1482
1857	1937
2358	1162
986	2283
541	1939
1012	2254
497	693
1185	1791
2291	586
2286	145
2377	547
1623	849
1572	694
1872	1956
1908	1231
2344	1480
2220	158
1717	1630
146	1361
948	2494
945	1074
1009	139
1298	1076
1742	1360
1889	128
412	129
2132	7
443	1971
519	1527
702	2280
985	888
428	1125
142	2502
1738	2422
1264	378
1927	868
1957	1899
1915	2004
613	1471
1628	1570
2272	1133
2013	2507
2227	853
93	2360
2397	192
1221	941
2453	1437
1481	1287
1876	2047
2375	232
1674	1253
491	4
1719	1655
1789	1490
1473	295
1196	977
374	1603
1007	667
1529	708
2311	2153
1566	1920
1857	1986
2358	489
986	1017
541	1461
1012	1669
497	1898
1185	312
2291	2240
2286	1538
2377	2088
1623	2381
1572	1219
1872	2129
1908	832
2344	305
2220	434
1717	978
146	321
948	1068
945	545
1009	2255
1298	282
1742	2007
1889	339
412	201
2132	1690
443	1166
519	1420
702	25
985	1342
428	2251
142	2259
1738	524
1264	1096
1927	749
1957	1358
1468	38
1915	1484
613	2055
1628	1275
2272	965
2013	927
2227	956
93	1988
2397	970
1221	1465
2453	2178
1481	2452
1876	422
2206	838
2375	999
1674	1771
491	2521
1719	423
1789	2427
1473	2236
1196	2411
374	886
1007	1962
1529	389
2311	310
1566	15
1857	407
2358	1973
986	229
541	498
1012	1776
497	918
1185	911
2291	2016
2286	1266
2377	24
1623	215
1572	217
1872	2314
1908	127
1717	1754
146	399
948	398
945	126
1009	1340
1298	191
1889	335
2132	755
443	214
519	2415
702	160
985	2346
428	136
142	2401
1738	875
1264	401
1927	1994
1957	2200
1468	1020
1915	1019
613	1022
1628	1021
2272	1113
2013	966
2227	842
93	2449
2397	2522
1221	960
2453	1579
1481	618
1876	2486
2206	793
1674	117
491	844
1719	1441
1789	2294
1473	1964
1196	1972
374	2306
1529	82
2311	323
1566	2006
2358	1035
541	2054
1012	2024
497	2111
1185	175
2291	379
2286	1385
2377	2147
1623	851
1572	1082
1872	705
1908	2180
2344	628
2220	1367
1717	1807
146	260
948	1309
945	231
1009	1174
1298	194
1742	913
1889	196
412	2168
2132	2170
443	2213
702	850
428	1854
142	1452
1738	1187
1264	41
1927	2057
1957	1720
1468	2252
1915	1574
613	1062
1628	272
2272	922
2013	2269
2227	1993
93	2409
2397	2274
1221	2493
2453	629
1481	502
1876	2398
2206	2529
2375	143
1674	2319
491	1995
1789	500
1473	2196
1196	388
374	1063
1529	1023
2311	2326
1566	2027
1857	1448
2358	2017
986	2192
541	21
1012	2531
1185	1530
2286	905
2377	477
1572	2188
1872	1916
1908	2231
2344	2246
2220	22
948	418
945	213
1009	269
1298	510
1742	188
1889	431
412	661
2132	361
443	714
519	730
985	250
428	995
142	2293
1738	363
1264	121
1927	251
1957	2479
1468	2258
613	1003
1628	903
2272	981
2013	1457
2227	493
93	1571
2397	866
1221	209
2453	1970
1481	1721
1876	300
2206	982
2375	1921
1674	2430
491	2392
1719	424
1789	2155
1473	1761
2311	521
1566	1419
1857	1502
2358	1796
986	2154
541	2138
1012	2217
497	39
1185	2126
2291	1753
2286	1913
2377	1869
1623	1859
1572	40
1872	1431
1908	1204
2344	1158
2220	1450
1717	1248
146	1092
948	1987
1009	1832
1742	1547
1889	1551
412	2037
2132	867
443	942
519	2418
702	673
985	1515
428	1683
142	1296
1738	1230
1927	178
1957	1578
1468	2359
1915	2256
613	1188
1628	549
2272	2110
2013	2066
2227	2079
93	2151
2397	1596
1221	2173
2453	2436
1876	1631
2206	1795
1674	2041
491	959
1719	1711
1789	261
1473	1947
1196	2033
374	1387
1529	2108
2311	2116
1566	1577
1857	2113
2358	1005
1012	1626
497	1391
1185	2100
2291	210
2286	198
2377	1863
1623	506
1572	2237
1908	207
1717	1926
146	1931
948	1366
945	1191
1009	1526
1298	2106
1742	2064
1889	2062
412	2169
2132	2516
443	2077
519	1766
702	1704
985	2207
428	2118
142	1412
1738	2125
614	1539
1264	2124
1927	1522
1957	1918
1468	983
1915	1755
613	2128
1628	1575
2272	535
2013	2078
2227	588
93	2102
2397	1745
1221	2086
2453	2296
1481	1532
1876	2139
2206	1926
2375	1620
1674	1398
491	207
1719	1514
1789	2237
1473	506
1196	1863
374	198
1007	210
1529	2100
2311	1391
1566	1626
1857	267
2358	1736
986	1005
541	2113
1012	1577
497	2116
1185	2108
2291	2115
2286	1387
2377	2033
1623	1947
1908	959
2220	1149
146	1631
948	2183
945	2436
1009	2173
1298	1596
1742	2151
1889	2079
412	2066
2132	2110
443	549
519	1188
702	2256
985	2359
428	1578
142	178
1738	1877
1927	1296
1957	1683
1468	1515
1915	673
613	2418
1628	942
2272	867
2013	2037
2227	1551
93	1547
2397	2253
1481	1987
1876	1092
2206	1248
2375	1450
1674	1158
491	1204
1719	1431
1789	40
1473	1859
1196	1869
374	1913
1007	1753
2311	39
1566	2217
1857	2138
2358	2154
986	1796
541	1502
1012	1419
497	521
1185	2130
2291	110
2286	1643
2377	1801
1623	1761
1572	2155
1872	424
1908	2392
2344	2430
2220	1921
1717	982
948	1721
945	1970
1009	209
1298	866
1742	1571
1889	493
412	1457
2132	981
443	903
519	1003
702	2439
985	2258
428	2479
142	251
1738	121
614	365
1264	363
1927	2293
1957	995
1468	250
1915	902
613	730
1628	714
2272	361
2013	661
2227	431
93	188
2397	510
1221	269
2453	213
1481	418
1876	421
2206	1227
2375	22
1674	2246
491	2231
1719	1916
1789	2188
1473	2444
1196	477
374	905
1007	627
1529	1530
2311	2020
1566	2531
1857	21
2358	2192
986	2017
541	1448
1012	2027
497	2326
1185	1023
2291	916
2286	1063
2377	388
1623	2196
1572	500
1872	2491
1908	1995
2344	2319
2220	143
1717	2529
146	2398
948	502
945	629
1009	2493
1298	2274
1742	2409
1889	1993
412	2269
2132	922
443	272
519	1062
702	1574
985	2252
428	1720
142	2057
1738	41
614	980
1264	1187
1927	1452
1957	1854
1468	1812
1915	850
613	2215
1628	2213
2013	2168
2227	196
93	913
2397	194
1221	1174
2453	231
1481	1309
1876	260
2206	1807
1674	628
491	2180
1719	705
1789	1082
1473	851
1196	2147
374	1385
1007	379
1529	175
2311	2111
1566	2024
1857	2054
2358	1180
986	1035
541	2298
1012	2006
497	323
1185	82
2291	1558
2286	2306
2377	1972
1623	1964
1572	2294
1872	1441
1908	844
2344	117
2220	380
1717	793
146	2486
948	618
945	1579
1009	960
1298	2522
1742	2449
1889	842
2132	1113
443	1021
519	1022
985	1020
428	2200
142	1994
1738	401
614	2121
1264	875
1927	2401
1957	136
1468	2346
1915	160
613	2415
1628	214
2272	755
2013	376
2227	335
93	862
2397	191
1221	1340
2453	126
1481	398
1876	399
2206	1754
2375	1781
1674	1739
491	127
1719	2314
1789	217
1473	215
1196	24
374	1266
1007	2016
1529	911
2311	918
1857	498
2358	229
986	1973
541	407
1012	15
497	310
1185	389
2291	1962
2286	886
1623	2236
1572	2427
1872	423
1908	2521
2344	1771
2220	999
1717	838
948	2452
945	2178
1009	1465
1889	956
412	927
2132	965
443	1275
702	1484
428	1358
142	749
1738	1096
614	1277
1264	524
1927	2259
1957	2251
1915	25
613	1420
1628	1166
2272	1690
2013	201
2227	339
93	2007
2397	282
1221	2255
2453	545
1481	1068
1876	321
2206	978
2375	434
491	832
1719	2129
1789	1219
1473	2381
1196	2088
1007	2240
2311	1898
1566	1669
1857	1461
2358	1017
986	489
541	1986
1012	1920
497	2153
1185	708
2291	667
2286	1603
2377	977
1623	295
1572	1490
1872	1655
1908	4
2344	1253
2220	232
1717	47
146	2047
948	1287
945	1437
1009	941
1298	192
1889	853
412	2507
2132	1133
519	1471
985	2003
428	1899
142	868
1738	378
1264	2422
1927	2502
1957	1125
1468	888
1915	2280
2272	7
2013	129
2227	128
93	1360
2397	1076
2453	1074
1481	2494
1876	1361
2206	1630
2375	158
1674	1480
491	1231
1719	1956
1789	694
1473	849
1196	547
374	145
1007	586
1529	1791
2311	693
1566	2254
1857	1939
2358	2283
986	1162
541	1937
1012	1482
497	1064
1185	1421
2291	1101
2286	795
2377	45
1623	2523
1572	786
1872	1862
1908	2404
2344	1303
2220	1883
1717	753
146	182
948	1686
945	1595
1009	113
1298	2525
1742	760
1889	1213
412	2386
2132	1262
519	179
702	180
985	2487
428	957
1738	1633
614	725
1264	653
1927	1272
1957	420
1468	1222
1915	170
613	1086
1628	1399
2272	1066
2013	925
2227	1858
93	2528
2397	900
1221	899
2453	841
1481	840
1876	839
2206	837
2375	406
1674	997
491	2317
1719	1247
1789	847
1473	2191
1196	969
374	130
1529	944
2311	953
1566	952
1857	2388
2358	751
986	2123
541	919
1012	912
497	52
1185	887
2286	883
2377	42
1623	859
1872	787
1908	563
2344	19
2220	759
1717	2492
146	1453
948	172
945	2205
1009	640
1298	660
1742	691
1889	712
412	717
2132	954
443	320
519	984
985	1258
428	1321
142	1319
1738	1325
1264	1299
1927	1331
1957	1320
1468	1322
1915	1808
613	1586
1628	1890
2272	1933
2013	1934
2227	1116
93	1553
2397	1944
1221	2500
2453	1778
1481	1477
1876	1692
2375	1710
1674	2045
491	2073
1719	1884
1789	2034
1473	2053
1196	1377
374	2174
1007	18
1529	2331
2311	1541
1566	1762
2358	1438
986	1356
541	1127
1012	1665
497	2137
1185	2141
2291	16
2286	2321
2377	2083
1623	1330
1572	2201
1872	1329
1908	1520
2344	302
2220	2208
1717	1229
146	1688
948	1381
945	2221
1009	2074
1298	724
1742	727
1889	854
412	707
2132	1334
702	31
1738	2370
614	1088
1264	1250
1927	1911
1957	2425
1468	546
1915	557
613	1829
1628	2366
2272	2458
2013	1996
2227	1354
93	2318
2397	33
1221	1735
2453	1332
1481	1004
1876	1799
2375	2295
1674	1344
491	2313
1719	266
1789	2320
1473	1363
1196	855
374	2364
1007	2330
1529	2393
2311	1800
1566	1432
1857	375
2358	455
986	2018
541	2387
1012	1871
497	1434
1185	1464
2291	2265
2286	2468
2377	1652
1623	2299
1572	1281
1872	1785
1908	1475
2344	2096
2220	955
1717	1491
146	2212
948	1841
945	2225
1009	444
1298	1491
1742	955
1889	2096
412	1475
2132	1785
443	1281
519	2299
702	1652
985	2468
428	2265
142	1464
1738	1434
614	1871
1264	2387
1927	2018
1957	455
1468	375
1915	1432
613	1800
1628	2393
2272	2330
2013	2364
146	2460
948	2304
945	2395
1009	9
1298	10
1742	2383
412	2257
2132	44
443	223
519	263
702	197
985	346
1738	555
614	583
1264	611
1927	55
1957	637
1468	655
1915	716
613	734
1628	741
2272	747
2013	750
2227	2472
93	762
2397	788
1221	254
2453	921
1481	2429
1876	2362
2375	797
1674	284
491	1038
1719	1054
1789	1910
1473	1057
1196	654
374	354
1007	1056
1529	1058
2311	87
1566	1243
1857	1252
2358	672
986	1255
541	1265
1012	1294
497	1130
1185	283
2291	1384
2286	1423
1872	1510
1908	1557
2344	277
2220	1747
1717	1758
146	1770
948	2504
945	61
1009	1892
1298	273
1742	257
412	729
2132	465
443	1560
519	499
702	1681
985	290
428	802
142	2005
1738	256
614	615
1264	1105
1927	203
1957	602
1468	1246
1915	1499
613	1497
1628	2164
2272	109
2013	2342
2227	2142
93	1695
2397	2059
1221	2080
2453	763
1481	593
1876	1459
2375	317
1674	1708
491	1635
1719	319
1789	184
1473	1616
1196	934
374	1830
1007	1049
1529	2150
2311	1119
1566	1372
1857	609
2358	161
986	520
541	1653
1012	414
497	288
1185	48
2291	1764
2286	1733
2377	2071
1623	1843
1572	1637
1872	485
1908	2026
2344	1625
2220	1661
1717	1786
146	784
948	783
945	1099
1009	1293
1298	1282
1742	1543
1889	814
412	882
2132	932
443	2197
519	2527
702	920
985	1104
428	990
142	262
1738	1335
614	2056
1264	823
1927	2081
1957	2069
1468	2135
1915	1176
613	2068
1628	2122
2272	1599
2013	81
2227	1060
93	2515
2397	2038
1221	2228
2453	1117
1481	757
1876	818
2375	1845
1674	1888
491	1680
1719	200
1789	2046
1473	1945
1196	801
374	1435
1007	579
1529	1496
2311	1741
1566	2019
1857	2224
2358	34
986	1929
541	2097
1012	2186
497	2063
1185	2292
2291	1580
2286	525
2377	2101
1623	1617
1572	2028
1872	2152
1908	831
2344	63
2220	803
1717	2182
146	1999
948	1897
945	1395
1009	1935
1298	2182
1742	803
1889	63
412	831
2132	2152
443	2028
519	1617
702	2101
985	525
428	1580
142	2292
1738	2063
614	2186
1264	2097
1927	1929
1957	34
1468	2224
1915	2019
613	1741
1628	1496
2272	579
2013	1435
2227	801
146	1339
948	2373
945	2356
1009	291
1298	364
1742	234
1889	488
412	416
2132	340
443	544
519	551
702	274
985	566
428	601
142	450
1738	479
614	651
1264	656
1927	662
1957	674
1468	748
1915	2469
613	794
1628	964
2272	279
2013	1037
2227	1197
93	492
2397	268
1221	409
2453	1554
1481	1656
1876	185
2206	891
1674	1885
491	1402
1719	1839
1789	2260
1473	1903
1196	1400
1007	1925
1529	402
2311	1950
1566	103
1857	904
2358	1965
986	278
541	1548
497	1031
1185	1985
2377	1958
1623	1371
1572	2044
1872	1622
1908	1682
2344	240
2220	1525
1717	914
146	915
948	332
945	1285
1009	237
1298	233
1742	242
2132	371
443	276
519	1216
702	2051
985	697
428	2167
142	415
1738	1061
614	1763
1264	1589
1957	1828
1468	190
1915	937
613	590
1628	2204
2272	1256
2013	2443
2227	1305
93	1645
2397	2495
1221	30
2453	26
1481	27
1876	1601
2206	1195
1674	591
491	938
1719	476
1789	908
1473	2478
1196	66
374	1740
1007	2239
1529	804
2311	1588
1566	1297
1857	1207
2358	324
986	1200
541	387
1012	2263
497	1816
1185	248
2291	2405
2286	2473
2377	157
1623	1110
1572	2420
1872	1392
1908	337
2344	2530
2220	907
1717	926
146	329
948	1705
945	1961
1009	247
1298	1312
1742	1990
1889	2434
412	1083
2132	2264
443	1647
519	189
702	377
985	92
428	325
142	90
1738	584
614	1072
1264	1556
1927	522
1957	647
1468	1148
1915	1540
613	163
1628	1193
2272	1794
2013	23
2227	2226
93	2489
2397	1772
1221	2011
2453	1508
1481	1919
1876	2149
2206	216
1674	2148
491	58
1719	1368
1789	2036
1473	306
1196	350
374	1814
1007	1214
1529	271
2311	1211
1566	1210
1857	2238
2358	507
986	683
541	2242
1012	1449
497	1198
1185	307
2291	1199
2286	308
2377	1644
1623	1212
1572	638
1872	1202
1908	991
2344	682
2220	2222
1717	2021
146	419
948	162
945	876
1009	1654
1298	1396
1742	2120
1889	2021
412	2222
2132	682
443	991
519	1202
702	638
985	1212
428	1644
146	2475
948	439
945	441
1009	648
1298	624
1742	658
1889	2484
412	2480
2132	767
443	459
519	1914
702	442
985	1511
428	440
142	1565
1738	1952
614	1042
1264	1618
1927	59
1957	526
1468	1411
1915	2316
1628	1118
2272	2025
2013	1030
2227	1430
93	503
2397	427
1221	1810
2453	105
1481	1489
1876	2163
2206	287
2375	1029
1674	1359
491	1025
1719	473
1789	1026
1473	1535
1196	2308
374	1194
1007	2352
1529	534
2311	1276
1566	208
1857	1894
2358	1846
986	1953
541	451
1012	800
497	46
1185	2058
2291	1707
2286	1388
2377	2440
1623	2464
1572	1585
1872	947
1908	454
2344	460
2220	1091
1717	1715
146	1714
948	1798
945	1691
1009	1793
1298	1425
1742	2379
1889	2216
412	515
2132	1440
443	1279
519	2185
702	1614
146	462
2475	225
439	2378
441	1341
648	2131
624	2248
658	2517
2484	1701
2480	2350
767	3
459	20
1914	43
442	174
1511	181
440	195
1565	220
1952	230
1042	252
1618	487
59	511
526	83
1411	581
2316	632
2345	652
1118	659
2025	665
1030	666
1430	675
503	704
427	718
1810	723
105	553
1489	619
2163	752
287	2492
1029	759
1359	19
1025	563
473	787
1026	852
1535	859
1194	883
2352	425
534	887
1276	52
208	912
1894	919
1846	2123
1953	751
451	2388
800	952
46	953
2058	944
1707	958
1388	130
2440	969
2464	2191
1585	847
947	1247
454	2317
460	997
1091	406
1715	837
1714	839
1798	840
1691	841
1793	899
1425	900
2379	2528
2216	1858
515	925
1440	1066
1279	1399
2185	1086
1614	170
462	1222
2475	420
439	1272
648	725
624	1633
658	1724
2484	957
2480	2487
767	180
459	179
1914	996
442	1262
1511	2386
440	1213
1565	760
1952	2525
1042	113
1618	1595
59	1686
526	182
1411	753
2316	1883
2345	1303
1118	2404
2025	1862
1030	786
1430	2523
503	45
427	795
1810	1101
105	1421
1489	1064
2163	1482
287	1937
1029	1162
1359	2283
1025	1939
473	2254
1026	693
1535	1791
1194	145
2352	547
534	849
1276	694
208	1956
1894	1231
1846	1480
1953	158
451	1630
800	1361
46	2494
2058	1074
1707	139
1388	1076
2440	1360
2464	128
1585	129
947	7
454	1971
460	1527
1091	2280
1715	888
1714	1125
1798	2502
1691	2422
1793	1474
1425	378
2379	868
2216	1899
515	2003
1440	2004
1279	1471
2185	1570
1614	1133
462	2507
2475	853
439	2360
648	941
624	1437
658	1287
2484	2047
2480	47
767	232
459	1253
1914	4
442	1655
1511	1490
440	295
1565	977
1952	1603
1042	667
1618	708
59	2153
526	1920
1411	1986
2316	489
2345	1017
1118	1461
2025	1669
1030	1898
1430	312
503	2240
105	2381
1489	1219
287	832
1029	305
1359	434
1025	978
473	321
1026	1068
1535	545
1194	282
2352	2007
534	339
1276	201
208	1690
1894	1166
1846	1420
1953	25
451	1342
46	2259
2058	524
1707	1277
1388	1096
2440	749
1585	38
454	2055
460	1275
1091	965
1715	927
1714	956
1798	1988
1691	970
1793	1465
1425	2178
2379	2452
2216	422
515	838
1440	999
1279	1771
2185	2521
1614	423
462	2427
2475	2236
439	2411
624	389
658	310
2484	15
2480	407
767	1973
459	229
442	1776
1511	918
440	911
1565	2016
1952	1266
1042	24
1618	215
59	217
526	2314
1411	127
2316	1739
2345	1781
1118	1754
2025	399
1030	398
1430	126
503	1340
427	191
1810	862
105	335
1489	376
2163	755
287	214
1029	2415
1359	160
473	136
1026	2401
1535	875
1194	401
2352	1994
534	2200
1276	1020
208	1019
1894	1022
1846	1021
1953	1113
800	842
46	2449
2058	2522
1707	960
1388	1579
2440	618
2464	2486
1585	793
947	380
454	117
1715	2294
1714	1964
1798	1972
1691	2306
1793	1558
1425	82
2379	323
2216	2006
515	2298
1440	1035
1279	1180
2185	2054
1614	2024
462	2111
2475	175
439	379
648	2147
624	851
658	1082
2484	705
2480	2180
767	628
459	1367
1914	1807
442	260
1511	1309
440	231
1565	1174
1952	194
1042	913
1618	196
59	2168
526	2170
1411	2213
2316	2215
2345	850
1118	1812
2025	1854
1030	1452
1430	1187
503	980
427	41
105	1720
1489	2252
2163	1574
287	1062
1029	272
1359	922
1025	2269
1026	2409
1535	2274
1194	629
2352	502
534	2398
1276	2529
208	143
1894	2319
1846	1995
1953	2491
451	500
800	2196
2058	1063
1707	916
2440	2326
2464	2027
1585	1448
460	21
1091	2531
1715	2020
1714	1530
1798	627
1691	905
1793	477
1425	2444
2379	2188
2216	1916
515	2231
1440	2246
1279	22
2185	1227
1614	421
462	418
2475	213
439	269
648	188
624	431
658	661
2484	361
2480	714
767	730
459	902
1914	250
442	995
1511	2293
440	363
1565	365
1952	121
1042	251
1618	2479
59	2258
526	2439
1411	1003
2316	903
2345	981
2025	493
1030	1571
1430	866
503	209
427	1970
1810	1721
105	300
1489	982
2163	1921
287	2430
1029	2392
1359	424
1025	2155
473	1761
1026	1801
1535	1643
1194	2130
2352	521
534	1419
1276	1502
208	1796
1894	2154
1846	2138
1953	2217
451	39
800	2126
46	1753
2058	1913
1707	1869
1388	1859
2440	40
2464	1431
1585	1204
947	1158
454	1450
460	1248
1091	1092
1715	1987
1714	2357
1798	1832
1691	2253
1793	1547
1425	1551
2379	2037
2216	867
515	942
1440	2418
1279	673
2185	1515
1614	1683
462	1296
2475	1230
648	178
624	1578
658	2359
2484	2256
2480	1188
767	549
459	2110
1914	2066
442	2079
1511	2151
440	1596
1952	2436
1042	2183
59	1795
526	1149
1411	2041
2316	959
2345	1711
1118	261
2025	1947
1030	2033
1430	1387
503	2115
427	2108
1810	2116
105	1577
1489	2113
2163	1005
287	1736
1029	267
1359	1626
1025	1391
473	2100
1026	210
1535	198
1194	506
2352	2237
534	1514
1276	207
208	1398
1894	1620
1846	1926
1953	2139
451	1532
800	2296
46	2086
2058	1745
1707	2102
1388	588
2440	2078
2464	535
1585	1575
947	2128
454	1755
460	983
1091	1918
1715	1522
1714	2124
1798	1539
1691	2125
1793	1412
1425	2118
2379	2207
2216	1704
515	1766
1440	2077
1279	2516
2185	2169
1614	2062
462	2064
2475	1931
439	1366
441	1191
648	1526
624	2106
658	2064
2484	2062
2480	2169
767	2516
459	2077
1914	1766
442	1704
1511	2207
440	2118
1565	1412
1952	2125
1618	2124
59	1522
526	1918
1411	983
2316	1755
2345	2128
1118	1575
2025	535
1430	588
503	2102
427	1745
1810	2086
105	2296
1489	1532
287	1926
1029	1620
1359	1398
1025	207
473	1514
1026	2237
1535	506
2308	1863
1194	198
2352	210
534	2100
1276	1391
208	1626
1894	267
1846	1736
1953	1005
451	2113
800	1577
46	2116
2058	2108
1707	2115
2440	2033
1585	261
947	1711
454	959
460	2041
1091	1149
1715	1795
1714	1631
1798	2183
1691	2436
1793	2173
1425	1596
2379	2151
2216	2079
515	2066
1440	2110
1279	549
2185	1188
1614	2256
462	2359
2475	1578
439	178
441	1877
648	2365
624	1230
658	1296
2484	1683
2480	1515
767	673
459	2418
1914	942
442	867
1511	2037
440	1551
1565	1547
1952	2253
1042	1832
1618	2357
59	1987
526	1092
1411	1248
2316	1450
2345	1158
1118	1204
2025	1431
1030	40
1430	1859
503	1869
427	1913
1810	1753
105	2126
1489	39
2163	2217
287	2138
1029	2154
1359	1796
1025	1502
473	1419
1026	521
1535	2130
2308	110
1194	1643
2352	1801
534	1761
1276	2155
208	424
1894	2392
1846	2430
1953	1921
451	982
800	300
46	1721
2058	1970
1707	209
1388	866
2440	1571
2464	493
1585	1457
947	981
454	903
460	1003
1091	2439
1715	2258
1714	2479
1798	251
1691	121
1793	365
1425	363
2379	2293
2216	995
515	250
1440	902
1279	730
2185	714
1614	361
462	661
2475	431
439	188
441	510
648	269
624	213
658	418
2484	421
2480	1227
767	22
459	2246
1914	2231
442	1916
1511	2188
440	2444
1565	477
1952	905
1042	627
1618	1530
59	2020
526	2531
1411	21
2316	2192
2345	2017
1118	1448
2025	2027
1030	2326
1430	1023
503	916
427	1063
1810	388
105	2196
1489	500
2163	2491
287	1995
1029	2319
1359	143
1025	2529
473	2398
1026	502
1535	629
2308	2493
1194	2274
2352	2409
534	1993
1276	2269
208	922
1894	272
1846	1062
1953	1574
451	2252
800	1720
46	2057
2058	41
1707	980
1388	1187
2440	1452
2464	1854
1585	1812
947	850
454	2215
460	2213
1091	2170
1715	2168
1714	196
1798	913
1691	194
1793	1174
1425	231
2379	1309
2216	260
515	1807
1440	1367
1279	628
2185	2180
1614	705
462	1082
2475	851
439	2147
441	1385
648	379
624	175
658	2111
2484	2024
2480	2054
767	1180
1914	2298
442	2006
1511	323
440	82
1565	1558
1042	1972
1618	1964
59	2294
1411	844
2316	117
2345	380
1118	793
2025	2486
1030	618
1430	1579
503	960
427	2522
1810	2449
105	842
1489	966
2163	1113
287	1021
1029	1022
1359	1019
1025	1020
473	2200
1026	1994
1535	401
2308	2121
1194	875
2352	2401
534	136
1276	2346
208	160
1894	2415
1846	214
1953	755
451	376
800	335
46	862
2058	191
1707	1340
1388	126
2440	398
2464	399
1585	1754
947	1781
454	1739
460	127
1091	2314
1715	217
1714	215
1798	24
1691	1266
1793	2016
1425	911
2379	918
2216	1776
515	498
1440	229
1279	1973
1614	15
462	310
2475	389
439	1962
441	886
648	2411
624	2236
2484	423
2480	2521
767	1771
459	999
1914	838
442	422
1511	2452
440	2178
1565	1465
1952	970
1042	1988
1618	956
59	927
526	965
1411	1275
2316	2055
2345	1484
1118	38
2025	1358
1030	749
1430	1096
503	1277
427	524
1810	2259
105	2251
1489	1342
2163	25
287	1420
1029	1166
2475	2460
439	2304
441	2395
648	9
624	10
658	2383
2484	2199
2480	2257
767	44
459	223
1914	263
442	197
1511	346
440	539
1565	560
1952	555
1042	583
59	55
526	637
1411	655
2316	716
2345	734
1118	741
2025	747
1030	750
1430	2472
503	762
427	788
1810	254
105	921
1489	2429
2163	2362
1029	797
1359	284
1025	1038
473	1054
1535	1057
2308	654
1194	354
2352	1056
534	1058
1276	87
208	1243
1894	1252
1846	672
1953	1255
451	1265
800	1294
46	1130
2058	283
1707	1384
1388	1423
2440	1500
2464	605
1585	153
947	1510
454	1557
460	277
1091	1747
1715	1758
1714	1770
1798	2504
1691	61
1793	1892
1425	273
2379	257
2216	806
515	729
1440	465
1279	1560
2185	499
1614	1681
462	290
439	2005
441	256
648	615
624	1105
658	203
2484	602
2480	1246
767	1499
459	1497
1914	2164
442	109
1511	2342
440	2142
1565	1695
1952	2059
1042	2080
1618	763
59	593
526	1459
1411	2450
2316	317
2345	1708
1118	1635
2025	319
1030	184
1430	1616
503	934
427	1830
1810	1049
1489	1119
2163	1372
287	609
1029	161
1359	520
1025	1653
473	414
1026	288
1535	48
2308	1764
1194	1733
2352	2071
534	1843
1276	1637
208	485
1894	2026
1846	1625
1953	1661
451	1786
800	784
46	783
2058	1099
1707	1293
1388	1282
2440	1543
2464	814
1585	882
947	932
454	2197
460	2527
1091	920
1715	1104
1714	990
1798	262
1691	1335
1793	2056
1425	823
2379	2081
2216	2069
515	2135
1440	1176
1279	2068
2185	2122
1614	1599
462	81
439	2515
441	2038
648	2228
624	1117
658	757
2484	818
2480	1375
767	1845
459	1888
1914	1680
442	200
1565	801
1952	1435
1042	579
1618	1496
59	1741
526	2019
1411	2224
2316	34
2345	1929
1118	2097
2025	2186
1030	2063
1430	2292
503	1580
427	525
1810	2101
105	1617
1489	2028
2163	2152
287	831
1029	63
1359	803
1025	2182
473	1935
1026	1395
1535	1897
2308	1999
1194	2460
2352	2304
534	2395
1276	9
208	10
1894	2383
1846	2199
1953	2257
451	44
800	223
46	263
2058	197
1707	346
1388	539
2440	560
2464	555
1585	583
454	55
460	637
1091	655
1715	716
1714	734
1798	741
1691	747
1793	750
1425	2472
2379	762
2216	788
515	254
1440	921
1279	2429
2185	2362
1614	992
462	797
2475	797
439	992
441	2362
648	2429
624	921
658	254
2484	788
2480	762
767	2472
459	750
1914	747
442	741
1511	734
440	716
1565	655
1952	637
1042	55
1618	611
59	583
526	555
1411	560
2316	539
2345	346
1118	197
2475	1339
439	2373
441	2356
648	291
624	364
658	234
2484	488
2480	416
767	340
459	544
1914	551
442	274
1511	566
440	601
1565	450
1952	479
1618	656
59	662
526	674
1411	748
2316	2469
2345	794
1118	964
2025	279
1030	1037
1430	1197
503	492
427	268
1810	409
105	1554
1489	1656
2163	185
287	891
1029	1161
1359	1885
1025	1402
473	1839
1026	2260
1535	1903
2308	1400
1194	187
2352	1925
534	402
1276	1950
208	103
1894	904
1846	1965
1953	278
451	1548
800	1982
46	1031
2058	1985
1707	1997
1388	1813
2440	1958
2464	1371
1585	2044
947	1622
454	1682
460	240
1091	1525
1715	914
1798	332
1691	1285
1793	237
1425	233
2379	242
2216	827
515	1501
2185	1216
1614	2051
462	697
2475	2167
439	415
441	1061
648	1763
624	1589
658	2511
2484	1828
2480	190
767	937
459	590
1914	2204
442	1256
1511	2443
440	1305
1565	1645
1952	2495
1042	30
1618	26
2345	591
1118	938
2025	476
1030	908
1430	2478
427	1740
1810	2239
1359	1200
473	2263
1026	1816
1535	248
2308	2405
1194	2473
2352	157
534	1110
1276	2420
208	1392
1894	337
1846	2530
1953	907
451	926
800	329
2058	1961
1707	247
1388	1312
2440	1990
2464	2434
1585	1083
947	2264
454	1647
460	189
1091	377
1715	92
1714	325
1798	90
1691	584
1793	1072
1425	1556
2379	522
2216	647
515	1148
1440	1540
1279	163
2185	1193
1614	1794
462	23
2475	2226
439	2489
441	1772
648	2011
624	1508
658	1919
2484	2149
2480	216
767	222
459	2148
1914	58
442	1368
1511	2036
440	306
1565	350
1952	1814
1042	1214
1618	271
59	1211
526	1210
1411	2238
2316	507
2345	683
1118	2242
2025	1449
1030	1198
1430	307
503	1199
427	308
1810	1644
105	1212
1489	638
2163	1202
287	991
1029	682
1359	2222
1025	2021
473	2120
1026	1396
1535	1654
2308	876
1194	162
534	1339
208	2356
1894	291
1846	364
1953	234
451	488
800	416
46	340
1707	551
1388	274
2440	566
2464	601
1585	450
947	479
460	656
1091	662
1715	674
1714	748
1798	2469
1691	794
1793	964
1425	279
2379	1037
2216	1197
515	492
1440	268
1279	409
2185	1554
1614	1656
462	185
2475	185
439	1656
441	1554
648	409
624	268
658	492
2484	1197
2480	1037
767	279
459	964
1914	794
442	2469
1511	748
440	674
1952	656
1618	479
59	450
526	601
1411	566
2316	274
2345	551
1118	544
2475	1453
439	172
441	2205
648	640
624	660
658	691
2484	712
2480	717
767	954
459	320
1914	984
442	2249
440	1321
1565	1319
1952	1325
1042	1326
1618	1299
59	1331
526	1320
1411	1322
2316	1808
2345	1586
1118	1890
2025	1933
1030	1934
1430	1116
503	1553
427	1944
1810	2500
105	1778
1489	1477
2163	1692
287	1545
1029	1710
1359	2045
1025	2073
473	1884
1026	2034
1535	2053
2308	1377
1194	2174
2352	18
208	1762
1894	1706
1846	1438
1953	1356
451	1127
800	1665
46	2137
2058	2141
1707	16
1388	2321
2440	2083
2464	1330
1585	2201
947	1329
454	1520
460	302
1091	2208
1715	1229
1714	1688
1798	1381
1691	2221
1793	2074
1425	724
2379	727
2216	854
1440	1334
1279	1767
2185	1089
1614	31
462	1949
2475	2212
439	1841
441	2225
648	444
624	1491
658	955
2484	2096
2480	1475
767	1785
459	1281
1914	2299
442	1652
1511	2468
440	2265
1565	1464
1952	1434
1042	1871
1618	2387
59	2018
526	455
1411	375
2316	1432
2345	1800
2025	2330
1030	2364
1430	855
503	1363
427	2320
1810	266
105	2313
1489	1344
2163	2295
287	1552
1029	1799
1359	1004
1025	1332
473	1735
1026	33
1535	2318
2308	1354
1194	1996
2352	2458
534	2366
1276	1829
208	557
1894	546
1846	2425
1953	1911
451	1250
800	1088
46	2370
2058	1838
1707	558
1388	1949
2440	31
2464	1089
947	1334
460	854
1091	727
1715	724
1714	2074
1798	2221
1691	1381
1793	1688
1425	1229
2379	2208
2216	302
515	1520
1440	1329
1279	2201
2185	1330
2460	225
2304	2378
2395	1341
9	2131
10	2248
2383	2517
2199	1701
2257	2350
44	3
223	20
263	43
197	174
346	181
539	195
560	220
555	230
583	252
611	487
55	511
637	83
655	581
716	632
734	652
741	659
747	665
750	666
2472	675
762	704
788	718
254	723
921	553
2429	619
2362	752
992	2492
797	759
284	19
1038	563
1054	787
1910	852
1057	859
654	42
354	883
1056	425
1058	887
87	52
1243	912
1252	919
672	2123
1265	2388
1294	952
1130	953
283	944
1384	958
1423	130
1500	969
605	2191
153	847
1510	1247
1557	2317
277	997
1747	406
1758	837
1770	839
2504	840
61	841
1892	899
273	900
257	2528
729	925
465	1066
1560	1399
499	1086
1681	170
290	1222
802	420
2005	1272
256	653
615	725
1105	1633
203	1724
602	957
1246	2487
1499	180
1497	179
2164	996
109	1262
2342	2386
2142	1213
1695	760
2059	2525
2080	113
593	1686
1459	182
317	1883
1635	2404
319	1862
184	786
1616	2523
934	45
1830	795
1049	1101
2150	1421
1119	1064
1372	1482
609	1937
161	1162
520	2283
1653	1939
414	2254
288	693
48	1791
1764	586
1733	145
2071	547
1843	849
1637	694
485	1956
2026	1231
1625	1480
1661	158
1786	1630
784	1361
783	2494
1099	1074
1293	139
1282	1076
1543	1360
814	128
882	129
932	7
2197	1971
2527	1527
920	2280
1104	888
990	1125
262	2502
1335	2422
2056	1474
823	378
2081	868
2069	1899
1176	2004
2068	1471
2122	1570
1599	1133
81	2507
2515	2360
2038	192
1117	1437
757	1287
818	2047
1375	47
1845	232
1888	1253
1680	4
200	1655
2046	1490
801	977
1435	1603
579	667
1496	708
1741	2153
2019	1920
2224	1986
34	489
1929	1017
2097	1461
2186	1669
2063	1898
1580	2240
525	1538
2101	2088
1617	2381
2028	1219
2152	2129
831	832
63	305
803	434
2182	978
1935	321
1395	1068
1897	545
1999	2255
2460	282
2304	2007
2395	339
9	201
10	1690
2383	1166
2199	1420
2257	25
44	1342
223	2251
263	2259
197	524
346	1277
539	1096
560	749
555	1358
583	38
611	1484
55	2055
637	1275
655	965
716	927
734	956
741	1988
747	970
750	1465
762	2452
788	422
254	838
921	999
2429	1771
2362	2521
992	423
284	2236
1054	886
1910	1962
654	310
354	15
1056	407
1058	1973
87	229
1243	498
1252	1776
672	918
1255	911
1294	1266
1130	24
283	215
1384	217
1423	2314
1500	127
605	1739
153	1781
1510	1754
1557	399
277	398
1747	126
1758	1340
1770	191
2504	862
61	335
1892	376
273	755
257	214
806	2415
729	160
465	2346
1560	136
499	2401
1681	875
290	2121
802	401
2005	1994
256	2200
615	1020
1105	1019
203	1022
602	1021
1246	1113
1497	842
2164	2449
109	2522
2342	960
2142	1579
1695	618
2059	2486
2080	793
763	380
593	117
1459	844
317	2294
1708	1964
1635	1972
319	2306
184	1558
1616	82
934	323
1830	2006
1049	2298
2150	1035
1119	1180
609	2024
161	2111
520	175
1653	379
414	1385
288	2147
48	851
1764	1082
1733	705
2071	2180
1843	628
1637	1367
485	1807
2026	260
1625	1309
1661	231
1786	1174
783	913
1099	196
1293	2168
1282	2170
1543	2213
814	2215
882	850
932	1812
2197	1854
2527	1452
920	1187
1104	980
990	41
262	2057
1335	1720
2056	2252
823	1574
2069	272
2135	922
1176	2269
2068	1993
2122	2409
1599	2274
81	2493
1060	629
2515	502
2038	2398
2228	2529
1117	143
757	2319
818	1995
1845	500
1888	2196
1680	388
2046	916
1945	1023
801	2326
1435	2027
579	1448
1741	2192
2019	21
2224	2531
34	2020
1929	1530
2097	627
2186	905
2063	477
2292	2444
1580	2188
525	1916
2101	2231
1617	2246
2028	22
2152	1227
63	418
803	213
2182	269
1935	510
1395	188
1897	431
1999	661
9	902
10	250
2199	2293
2257	363
44	365
223	121
263	251
197	2479
539	2439
560	1003
555	903
583	981
611	1457
55	493
637	1571
655	866
716	209
734	1970
741	1721
747	300
750	982
2472	1921
762	2430
788	2392
254	424
921	2155
2429	1761
2362	1801
992	1643
797	110
284	2130
1038	521
1054	1419
1910	1502
1057	1796
654	2154
354	2138
1056	2217
1058	39
87	2126
1243	1753
1252	1913
672	1869
1255	1859
1265	40
1294	1431
1130	1204
283	1158
1384	1450
1423	1248
1500	1092
605	1987
153	2357
1510	1832
1557	2253
277	1547
1747	1551
1758	2037
1770	867
2504	942
61	2418
1892	673
273	1515
257	1683
806	1296
729	1230
465	2365
1560	1877
499	178
1681	1578
290	2359
802	2256
2005	1188
256	549
1105	2066
203	2079
602	2151
1246	1596
1499	2173
1497	2436
2164	2183
109	1631
2342	1795
2142	1149
1695	2041
2059	959
2080	1711
763	261
593	1947
1459	2033
317	2115
1708	2108
1635	2116
319	1577
184	2113
1616	1005
934	1736
1830	267
1049	1626
2150	1391
1119	2100
1372	210
609	198
161	1863
520	506
1653	2237
414	1514
288	207
48	1398
1764	1620
1733	1926
2071	2139
1843	1532
1637	2296
485	2086
2026	1745
1625	2102
1661	588
1786	2078
784	535
783	1575
1099	2128
1293	1755
1282	983
1543	1918
814	1522
882	2124
932	1539
2197	2125
2527	1412
920	2118
1104	2207
990	1704
262	1766
1335	2077
2056	2516
823	2169
2081	2062
2069	2064
2135	2106
1176	1526
2068	1191
2122	1366
1599	1931
81	225
1060	2378
2515	1341
2038	2131
2228	2248
1117	2517
757	1701
818	2350
1375	3
1845	20
1888	43
1680	174
200	181
2046	195
1945	220
801	230
1435	252
579	487
1496	511
1741	83
2019	581
2224	632
34	652
1929	659
2097	665
2186	666
2063	675
2292	704
1580	718
525	723
2101	553
1617	619
2028	752
2152	2492
831	759
63	19
803	563
2182	787
1935	852
1395	859
1897	42
2460	883
2304	42
2395	859
9	852
10	787
2383	563
2199	19
2257	759
223	752
263	619
197	553
346	723
539	718
611	665
55	659
637	652
655	632
716	581
734	83
741	511
2472	230
762	220
788	195
254	181
921	174
2429	43
2362	20
992	3
284	1701
1054	2248
1910	2131
1057	1341
654	2378
354	225
1056	1931
1058	1366
87	1191
1243	1526
1252	2106
672	2064
1255	2062
1265	2169
1294	2516
1130	2077
283	1766
1384	1704
1423	2207
1500	2118
605	1412
153	2125
1510	1539
1557	2124
277	1522
1758	983
1770	1755
61	1575
1892	535
273	2078
257	588
806	2102
729	1745
465	2086
1560	2296
499	1532
1681	2139
290	1926
802	1620
256	207
615	1514
203	506
602	1863
1246	198
1499	210
1497	2100
2164	1391
109	1626
2342	267
2142	1736
1695	1005
2059	2113
2080	1577
763	2116
593	2108
2450	1387
1708	1947
1635	261
319	1711
184	959
1616	2041
934	1149
1830	1795
1049	1631
2150	2183
1119	2436
1372	2173
609	1596
161	2151
520	2079
1653	2066
414	2110
288	549
48	1188
1764	2256
1733	2359
2071	1578
1843	178
1637	1877
485	2365
2026	1230
1625	1296
1661	1683
1786	1515
784	673
783	2418
1099	942
1293	867
1543	1551
814	1547
882	2253
932	1832
2197	2357
2527	1987
920	1092
1104	1248
990	1450
262	1158
1335	1204
2056	1431
823	40
2081	1859
2069	1869
2135	1913
1176	1753
2068	2126
2122	39
1599	2217
81	2138
1060	2154
2515	1796
2038	1502
2228	1419
1117	521
757	2130
818	110
1375	1643
1845	1801
1888	1761
1680	2155
200	424
2046	2392
1945	2430
801	1921
1435	982
579	300
1496	1721
2224	866
34	1571
1929	493
2097	1457
2186	981
2063	903
2292	1003
1580	2439
525	2258
2101	2479
1617	251
2028	121
2152	365
831	363
63	2293
803	995
2182	250
1935	902
1395	730
1897	714
1999	361
2460	661
2304	431
2395	188
10	269
2383	213
2199	418
44	1227
223	22
263	2246
197	2231
346	1916
539	2188
560	2444
555	477
583	905
611	627
55	1530
637	2020
655	2531
716	21
734	2192
741	2017
747	1448
750	2027
2472	2326
762	1023
788	916
254	1063
921	388
2429	2196
2362	500
992	2491
1038	143
1054	2529
1910	2398
1057	502
654	629
354	2493
1056	2274
1058	2409
87	1993
1243	2269
1252	922
672	272
1255	1062
1265	1574
1294	2252
1130	1720
283	2057
1384	41
1423	980
1500	1187
605	1452
153	1854
1510	1812
1557	850
277	2215
1747	2213
1758	2170
1770	2168
61	913
1892	194
257	231
806	1309
729	260
465	1807
1560	1367
499	628
1681	2180
290	705
802	1082
2005	851
256	2147
1105	379
203	175
602	2111
1246	2024
1499	2054
1497	1180
2164	1035
109	2298
2342	2006
2142	323
1695	82
2059	1558
2080	2306
763	1972
593	1964
1459	2294
2450	1441
317	844
1708	117
1635	380
319	793
184	2486
1616	618
934	1579
1830	960
1049	2522
2150	2449
1119	842
1372	966
609	1113
161	1021
520	1022
1653	1019
414	1020
288	2200
48	1994
1764	401
1733	2121
2071	875
1843	2401
1637	136
485	2346
2026	160
1625	2415
1661	214
1786	755
784	376
783	335
1099	862
1282	1340
1543	126
814	398
882	399
932	1754
2197	1781
2527	1739
920	127
1104	2314
990	217
262	215
1335	24
2056	1266
823	2016
2081	911
2069	918
2135	1776
1176	498
2068	229
2122	1973
1599	407
81	15
1060	310
2515	389
2228	886
1117	2411
757	2236
818	2427
1375	423
1845	2521
1680	999
200	838
2046	422
1945	2452
1435	1465
579	970
1496	1988
1741	956
2019	927
2224	965
34	1275
1929	2055
2097	1484
2186	38
2063	1358
2292	749
1580	1096
525	1277
2101	524
1617	2259
2028	2251
2152	1342
831	25
63	1420
803	1166
2182	1690
1935	201
1395	339
1897	2007
1999	282
2460	2255
2304	545
2395	1068
9	321
10	978
2383	434
2199	305
2257	832
44	2129
223	1219
263	2381
197	2088
346	1538
539	2240
560	312
555	1898
583	1669
611	1461
55	1017
637	489
716	1920
734	2153
741	708
747	667
750	1603
2472	977
762	295
788	1490
254	1655
921	4
2429	1253
2362	232
992	47
797	2047
284	1287
1038	1437
1054	941
1910	192
1057	2360
654	853
354	2507
1056	1133
1058	1570
87	1471
1243	2004
1252	2003
672	1899
1255	868
1265	378
1294	1474
1130	2422
283	2502
1384	1125
1423	888
1500	2280
605	1527
153	1971
1510	7
1557	129
277	128
1747	1360
1758	1076
1770	139
61	2494
273	1630
257	158
806	1480
729	1231
465	1956
1560	694
499	849
1681	547
290	145
802	586
2005	1791
256	693
615	2254
1105	1939
203	2283
602	1162
1246	1937
1497	1064
2164	1421
109	1101
2342	795
2142	45
1695	2523
2059	786
2080	1862
763	2404
593	1303
1459	1883
2450	753
1708	1686
1635	1595
319	113
184	2525
1616	760
934	1213
1830	2386
1049	1262
2150	996
1119	179
1372	180
609	2487
161	957
520	1724
1653	1633
414	725
288	653
48	1272
1764	420
1733	1222
2071	170
1843	1086
1637	1399
485	1066
2026	925
1625	1858
1661	2528
1786	900
784	899
783	841
1099	840
1293	839
1282	837
1543	406
814	997
882	2317
932	1247
2197	847
2527	2191
920	969
1104	130
990	958
262	944
1335	953
2056	952
823	2388
2081	751
2069	2123
2135	919
1176	912
2068	52
2122	887
1599	425
81	883
1060	42
2515	859
2038	852
2228	787
1117	563
757	19
818	759
1375	2492
1845	752
1888	619
1680	553
2046	718
1945	704
801	675
1435	666
579	665
1496	659
1741	652
2019	632
2224	581
34	83
1929	511
2097	487
2186	252
2063	230
2292	220
1580	195
525	181
2101	174
1617	43
2028	20
2152	3
831	2350
63	1701
803	2517
2182	2248
1935	2131
1395	1341
1897	2378
1999	225
1453	225
172	2378
2205	1341
640	2131
660	2248
691	2517
712	1701
717	2350
954	3
320	20
984	43
2249	174
1258	181
1321	195
1319	220
1325	230
1326	252
1299	487
1331	511
1320	83
1322	581
1808	632
1586	652
1890	659
1933	665
1934	666
1116	675
1553	704
1944	718
2500	723
1778	553
1477	619
1692	752
1710	759
2045	19
2073	563
1884	787
2034	852
2053	859
1377	42
2174	883
18	425
2331	887
1541	52
1762	912
1706	919
1438	2123
1356	751
1127	2388
1665	952
2137	953
2141	944
16	958
2321	130
2083	969
2201	847
1329	1247
1520	2317
302	997
2208	406
1229	837
1688	839
1381	840
2221	841
2074	899
724	900
727	2528
854	1858
707	925
1334	1066
1767	1399
31	170
1949	1222
558	420
1838	1272
2370	653
1088	725
1250	1633
1911	1724
2425	957
546	2487
557	180
1829	179
2366	996
2458	1262
1996	2386
1354	1213
2318	760
33	2525
1735	113
1332	1595
1004	1686
1799	182
1552	753
2295	1883
1344	1303
2313	2404
266	1862
2320	786
1363	2523
855	45
2364	795
2330	1101
2393	1421
1800	1064
1432	1482
375	1937
455	1162
2018	2283
2387	1939
1871	2254
1434	693
1464	1791
2265	586
2468	145
1652	547
2299	849
1281	694
1785	1956
1475	1231
2096	1480
955	158
1491	1630
444	1361
2225	2494
1841	1074
2212	139
1453	1076
172	1360
2205	128
640	129
660	7
691	1971
712	1527
717	2280
320	1125
984	2502
2249	2422
1258	1474
1321	378
1319	868
1325	1899
1326	2003
1299	2004
1331	1471
1320	1570
1322	1133
1808	2507
1586	853
1890	2360
1933	192
1934	941
1116	1437
1553	1287
1944	2047
2500	47
1778	232
1477	1253
1692	4
1545	1655
1710	1490
2045	295
2073	977
1884	1603
2034	667
2053	708
1377	2153
2174	1920
18	1986
2331	489
1541	1017
1762	1461
1438	1898
1356	312
1127	2240
1665	1538
2137	2088
2141	2381
16	1219
2321	2129
2083	832
1330	305
2201	434
1329	978
1520	321
2208	545
1229	2255
1688	282
1381	2007
2221	339
2074	201
724	1690
727	1166
854	1420
707	25
1334	1342
1767	2251
31	524
1949	1277
558	1096
1838	749
2370	1358
1088	38
1250	1484
1911	2055
2425	1275
546	965
557	927
1829	956
2366	1988
2458	970
1996	1465
1354	2178
2318	2452
33	422
1735	838
1332	999
1004	1771
1799	2521
1552	423
2295	2427
1344	2236
2313	2411
266	886
2320	1962
1363	389
855	310
2364	15
2330	407
2393	1973
1800	229
1432	498
375	1776
455	918
2018	911
2387	2016
1871	1266
1434	24
1464	215
2265	217
2468	2314
1652	127
2299	1739
1281	1781
1785	1754
1475	399
2096	398
955	126
1491	1340
2225	862
1841	335
2212	376
1453	755
172	214
2205	2415
640	160
660	2346
691	136
712	2401
717	875
320	401
984	1994
2249	2200
1258	1020
1321	1019
1319	1022
1325	1021
1326	1113
1299	966
1331	842
1320	2449
1322	2522
1808	960
1586	1579
1890	618
1933	2486
1934	793
1116	380
1553	117
1944	844
2500	1441
1778	2294
1477	1964
1692	1972
1545	2306
1710	1558
2045	82
2073	323
1884	2006
2034	2298
2053	1035
1377	1180
2174	2054
18	2024
2331	2111
1541	175
1762	379
1706	1385
1438	2147
1356	851
1127	1082
1665	705
2137	2180
2141	628
16	1367
2321	1807
2083	260
1330	1309
2201	231
1329	1174
1520	194
302	913
2208	196
1229	2168
1688	2170
1381	2213
2221	2215
2074	850
724	1812
727	1854
854	1452
707	1187
1334	980
1767	41
31	1720
1949	2252
558	1574
1838	1062
2370	272
1088	922
1250	2269
1911	1993
2425	2409
546	2274
557	2493
1829	629
2366	502
2458	2398
1996	2529
1354	143
1344	1023
2313	2326
266	2027
2320	1448
1363	2017
855	2192
2364	21
2330	2531
2393	2020
1800	1530
1432	627
375	905
455	477
2018	2444
2387	2188
1871	1916
1434	2231
1464	2246
2265	22
2468	1227
1652	421
2299	418
1281	213
1785	269
1475	510
2096	188
955	431
1491	661
444	361
2225	714
1841	730
2212	902
1453	250
172	995
2205	2293
640	363
660	365
691	121
712	251
717	2479
320	2439
984	1003
2249	903
1258	981
1321	1457
1319	493
1325	1571
1326	866
1299	209
1331	1970
1320	1721
1322	300
1808	982
1586	1921
1890	2430
1933	2392
1934	424
1116	2155
1553	1761
1944	1801
2500	1643
1778	110
1477	2130
1692	521
1545	1419
1710	1502
2045	1796
2073	2154
1884	2138
2034	2217
2053	39
1377	2126
2174	1753
18	1913
2331	1869
1541	1859
1762	40
1706	1431
1438	1204
1356	1158
1127	1450
1665	1248
2137	1092
2141	1987
16	2357
2321	1832
2083	2253
1330	1547
2201	1551
1329	2037
1520	867
302	942
2208	2418
1229	673
1688	1515
1381	1683
2221	1296
2074	1230
724	2365
727	1877
854	178
707	1578
1334	2359
1767	2256
31	549
1949	2110
558	2066
1838	2079
2370	2151
1250	2173
1911	2436
2425	2183
546	1631
557	1795
1829	1149
2366	2041
2458	959
1996	1711
1354	261
2318	1947
33	2033
1735	1387
1332	2115
1004	2108
1799	2116
1552	1577
2295	2113
1344	1005
2313	1736
266	267
2320	1626
1363	1391
855	2100
2364	210
2330	198
2393	1863
1432	2237
375	1514
455	207
2018	1398
2387	1620
1871	1926
1434	2139
1464	1532
2265	2296
2468	2086
1652	1745
2299	2102
1281	588
1785	2078
1475	535
2096	1575
955	2128
1491	1755
444	983
2225	1918
1841	1522
2212	2124
1453	1931
172	1366
2205	1191
640	1526
660	2106
691	2064
712	2062
717	2169
320	2077
984	1766
2249	1704
1258	2207
1321	2118
1319	1412
1325	2125
1326	1539
1299	2124
1331	1522
1320	1918
1322	983
1808	1755
1586	2128
1890	1575
1933	535
1934	2078
1116	588
1553	2102
1944	1745
2500	2086
1778	2296
1477	1532
1692	2139
1545	1926
1710	1620
2045	1398
2073	207
1884	1514
2034	2237
2053	506
1377	1863
2174	198
18	210
2331	2100
1541	1391
1762	1626
1706	267
1438	1736
1356	1005
1127	2113
1665	1577
2137	2116
2141	2108
16	2115
2321	1387
2083	2033
1330	1947
2201	261
1329	1711
1520	959
302	2041
2208	1149
1229	1795
1688	1631
1381	2183
2221	2436
2074	2173
724	1596
727	2151
854	2079
707	2066
1334	2110
1767	549
1089	1188
31	2256
1949	2359
558	1578
1838	178
2370	1877
1088	2365
1250	1230
1911	1296
2425	1683
546	1515
557	673
1829	2418
2366	942
2458	867
1996	2037
1354	1551
2318	1547
33	2253
1735	1832
1332	2357
1004	1987
1799	1092
2295	1450
1344	1158
2313	1204
266	1431
2320	40
1363	1859
855	1869
2364	1913
2330	1753
2393	2126
1800	39
1432	2217
375	2138
455	2154
2018	1796
2387	1502
1871	1419
1434	521
1464	2130
2265	110
2468	1643
1652	1801
2299	1761
1281	2155
1785	424
1475	2392
2096	2430
955	1921
1491	982
444	300
2225	1721
1841	1970
2212	209
1453	866
172	1571
2205	493
640	1457
660	981
691	903
712	1003
717	2439
954	2258
984	251
1258	365
1321	363
1319	2293
1325	995
1326	250
1299	902
1322	361
1586	431
1890	188
1933	510
1553	418
1944	421
2500	1227
1778	22
1477	2246
1545	1916
1710	2188
2045	2444
2073	477
1884	905
2034	627
2053	1530
1377	2020
2174	2531
18	21
2331	2192
1541	2017
1762	1448
1706	2027
1438	2326
1356	1023
1127	916
1665	1063
2137	388
2141	2196
16	500
2321	2491
2083	1995
1330	2319
2201	143
1329	2529
1520	2398
302	502
2208	629
1229	2493
1688	2274
1381	2409
2221	1993
2074	2269
724	922
727	272
854	1062
707	1574
1334	2252
1767	1720
1089	2057
31	41
1949	980
558	1187
1838	1452
2370	1854
1088	1812
1250	850
1911	2215
2425	2213
546	2170
557	2168
1829	196
2366	913
2458	194
1996	1174
1354	231
2318	1309
33	260
1735	1807
1332	1367
1004	628
1799	2180
1552	705
2295	1082
1344	851
2313	2147
266	1385
2320	379
1363	175
855	2111
2364	2024
2330	2054
2393	1180
1800	1035
1432	2298
2018	82
2387	1558
1871	2306
1434	1972
1464	1964
2265	2294
2468	1441
1652	844
2299	117
1281	380
1785	793
1475	2486
2096	618
955	1579
1491	960
444	2522
2225	2449
1841	842
2212	966
1453	1113
172	1021
2205	1022
640	1019
660	1020
691	2200
712	1994
717	401
954	2121
320	875
984	2401
2249	136
1258	2346
1321	160
1319	2415
1326	755
1299	376
1331	335
1320	862
1322	191
1808	1340
1586	126
1890	398
1933	399
1934	1754
1116	1781
1553	1739
1944	127
2500	2314
1778	217
1477	215
1692	24
1545	1266
1710	2016
2045	911
2073	918
1884	1776
2034	498
2053	229
1377	1973
2174	407
18	15
2331	310
1541	389
1762	1962
1706	886
1438	2411
1356	2236
1127	2427
1665	423
2137	2521
2141	1771
16	999
2321	838
2083	422
1330	2452
2201	2178
1520	970
302	1988
2208	956
1229	927
1688	965
1381	1275
2221	2055
2074	1484
724	38
727	1358
854	749
707	1096
1334	1277
1767	524
1089	2259
31	2251
1949	1342
558	25
1838	1420
2370	1166
1088	1690
1250	201
1911	339
2425	2007
546	282
557	2255
1829	545
2366	1068
2458	321
1996	978
1354	434
2318	305
33	832
1735	2129
1332	1219
1004	2381
1799	2088
1552	1538
2295	2240
1344	312
2313	1898
266	1669
2320	1461
1363	1017
855	489
2364	1986
2330	1920
2393	2153
1800	708
1432	667
375	1603
2387	1490
1871	1655
1434	4
1464	1253
2265	232
2468	47
1652	2047
2299	1287
1281	1437
1785	941
1475	192
2096	2360
955	853
1491	2507
444	1133
2225	1570
1841	1471
2212	2004
1453	2003
172	1899
2205	868
640	378
660	1474
691	2422
712	2502
717	1125
954	888
320	2280
984	1527
2249	1971
1258	7
1321	129
1319	128
1325	1360
1326	1076
1299	139
1331	1074
1320	2494
1322	1361
1808	1630
1586	158
1890	1480
1933	1231
1934	1956
1116	694
1553	849
1944	547
2500	145
1778	586
1477	1791
1692	693
1545	2254
1710	1939
2045	2283
2073	1162
1884	1937
2034	1482
2053	1064
1377	1421
2174	1101
18	795
2331	45
1541	2523
1762	786
1706	1862
1438	2404
1356	1303
1127	1883
1665	753
2137	182
2141	1686
16	1595
2321	113
2083	2525
1330	760
2201	1213
1329	2386
1520	1262
302	996
2208	179
1229	180
1688	2487
1381	957
2221	1724
2074	1633
724	725
727	653
854	1272
707	420
1334	1222
1767	170
1089	1086
31	1399
1949	1066
558	925
1838	1858
2370	2528
1088	900
1250	899
1911	841
2425	840
546	839
557	837
1829	406
2366	997
2458	2317
1996	1247
1354	847
2318	2191
33	969
1735	130
1332	958
1004	944
1799	953
1552	952
2295	2388
1344	751
2313	2123
266	919
2320	912
1363	52
855	887
2364	425
2330	883
2393	42
1800	859
1432	852
375	787
455	563
2018	19
2387	759
1871	2492
1434	752
1464	619
2265	553
2468	723
1652	718
2299	704
1281	675
1785	666
1475	665
2096	659
955	652
1491	632
444	581
2225	83
1841	511
2212	487
1453	2460
172	2304
2205	2395
640	9
660	10
691	2383
717	2257
320	223
984	263
2249	197
1258	346
1321	539
1319	560
1325	555
1326	583
1299	611
1331	55
1320	637
1322	655
1808	716
1586	734
1890	741
1933	747
1934	750
1116	2472
1553	762
1944	788
2500	254
1778	921
1477	2429
1692	2362
1710	797
2045	284
2073	1038
1884	1054
2034	1910
2053	1057
1377	654
2174	354
18	1056
2331	1058
1541	87
1762	1243
1706	1252
1438	672
1356	1255
1127	1265
1665	1294
2137	1130
2141	283
16	1384
2321	1423
2083	1500
1330	605
2201	153
1329	1510
1520	1557
302	277
2208	1747
1229	1758
1688	1770
1381	2504
2221	61
2074	1892
724	273
727	257
854	806
707	729
1334	465
1767	1560
1089	499
31	1681
1949	290
558	802
1838	2005
2370	256
1088	615
1250	1105
1911	203
2425	602
546	1246
557	1499
1829	1497
2366	2164
2458	109
1996	2342
1354	2142
2318	1695
33	2059
1735	2080
1332	763
1004	593
1799	1459
2295	317
1344	1708
2313	1635
2320	184
1363	1616
855	934
2364	1830
2330	1049
2393	2150
1800	1119
1432	1372
375	609
455	161
2018	520
2387	1653
1871	414
1434	288
1464	48
2265	1764
2468	1733
1652	2071
1281	1637
1785	485
1475	2026
2096	1625
955	1661
1491	1786
444	784
2225	783
1841	1099
2212	1293
1453	1999
172	1897
2205	1395
640	1935
660	2182
691	803
712	63
717	831
954	2152
320	2028
984	1617
2249	2101
1258	525
1321	1580
1319	2292
1325	2063
1326	2186
1331	1929
1322	2224
1586	1741
1890	1496
1933	579
1934	1435
1116	801
1553	1945
1944	2046
2500	200
1778	1680
1477	1888
1692	1845
1545	1375
1710	818
2073	1117
2034	2038
2053	2515
1377	1060
2174	81
1762	1176
1438	2069
2321	1104
2083	920
2201	2197
1329	932
1520	882
2208	1543
1229	1282
1381	1099
727	1661
854	1625
707	2026
1334	485
1767	1637
1089	1843
31	2071
1949	1733
1838	48
2370	288
1088	414
1250	1653
1911	520
2425	161
546	609
557	1372
1829	1119
2366	2150
2458	1049
1996	1830
1354	934
2318	1616
33	184
1004	1708
1799	317
2295	1459
1344	593
2313	763
266	2080
2320	2059
1363	1695
855	2142
2364	2342
1800	1497
375	1246
455	602
2018	203
1871	615
1464	2005
2265	802
2468	290
2299	499
1281	1560
1785	465
1475	729
2096	806
955	257
1491	273
444	1892
2212	1770
1453	1339
172	2373
640	291
660	364
691	234
712	488
717	416
954	340
320	544
984	551
2249	274
1258	566
1321	601
1319	450
1325	479
1326	651
1299	656
1331	662
1320	674
1808	2469
1586	794
1890	964
1477	1656
1692	185
1710	1161
2045	1885
2073	1402
1884	1839
2034	2260
2053	1903
1377	1400
18	1925
2331	402
1541	1950
1762	103
1706	904
1438	1965
1356	278
1127	1548
1665	1982
2137	1031
16	1997
2083	1958
1330	1371
2201	2044
1329	1622
1520	1682
302	240
2208	1525
1229	914
1688	915
1381	332
727	242
854	827
707	1501
31	2051
2370	1061
1088	1763
2425	1828
557	937
1829	590
2366	2204
2458	1256
1996	2443
1354	1305
2318	1645
33	2495
1735	30
1332	26
1004	27
1799	1601
1552	1195
1344	591
266	476
2320	908
1363	2478
855	66
2364	1740
2330	2239
2393	804
1432	1297
375	1207
455	324
2018	1200
2387	387
1871	2263
1434	1816
1464	248
2468	2473
1652	157
2299	1110
955	907
1491	926
1841	1961
2212	247
1453	419
172	162
2205	876
640	1654
660	1396
691	2120
712	2021
717	2222
954	682
320	991
984	1202
2249	638
1258	1212
1299	1198
1331	1449
1320	2242
1322	683
1808	507
1586	2238
1890	1210
1933	1211
1934	271
1553	1814
1944	350
1778	2036
1545	2148
1710	222
2045	216
2073	2149
1884	1919
2034	1508
2053	2011
1377	1772
18	2226
2331	23
1541	1794
1762	1193
1706	163
1438	1540
1356	1148
1127	647
1665	522
2137	1556
2141	1072
16	584
2321	90
1330	92
2201	377
1329	189
1520	1647
302	2264
2208	1083
1229	2434
1688	1990
1381	1312
2221	247
2074	1961
724	1705
727	329
854	926
707	907
1334	2530
1767	337
1089	1392
31	2420
1949	1110
558	157
1838	2473
2370	2405
1088	248
1250	1816
1911	2263
2425	387
546	1200
557	324
1829	1207
2366	1297
2458	1588
1996	804
1354	2239
2318	1740
33	66
1735	2478
1332	908
1004	476
1799	938
1552	591
2295	939
1344	1195
2313	1601
266	27
2320	26
1363	30
855	2495
2364	1645
2330	1305
2393	2443
1800	1256
1432	2204
375	590
455	937
2018	190
2387	1828
1871	2511
1434	1589
1464	1763
2265	1061
2468	415
2299	697
1281	2051
1785	1216
1475	276
2096	371
955	1501
1491	827
444	242
2225	233
1841	237
2212	1285